12.5423021641 1 1
23.0535992703 1 1
31.5696067517 1 1
42.0853781696 1 1
53.6009984509 1 1
63.1171366752 1 1
72.6328463534 1 1
83.1495240317 1 1
90.6664668275 1 1
101.182888328 1 1
111.699604 1 1
129.732823026 1 1
141.249407955 1 1
149.765937291 1 1
159.283713433 1 1
168.799195428 1 1
177.315811088 1 1
186.840340043 1 1
197.356000274 1 1
213.388196545 1 1
222.90395567 1 1
231.41992879 1 1
241.935779547 1 1
252.451893746 1 1
259.96768919 1 1
270.483918766 1 1
278.999456635 1 1
288.515617488 1 1
298.032072791 1 1
307.548987092 1 1
