11.5410223925 1 1
22.0537311306 1 1
30.5702364407 1 1
41.0871188936 1 1
48.6035529655 1 1
60.1201133105 1 1
69.6366599666 1 1
79.1533641845 1 1
86.6702416089 1 1
96.1867552999 1 1
104.703540254 1 1
114.212719773 1 1
122.719887583 1 1
131.244760996 1 1
141.76988472 1 1
160.802907073 1 1
169.325168981 1 1
178.840914139 1 1
187.356742826 1 1
198.872750866 1 1
209.388446856 1 1
218.904388686 1 1
228.42021933 1 1
237.935964766 1 1
248.452722902 1 1
258.969277939 1 1
268.48585756 1 1
277.002654527 1 1
285.519445907 1 1
296.035709846 1 1
305.552619956 1 1
