26.5731775966 1 1
35.0973355552 1 1
43.6219480409 1 1
55.1457366788 1 1
64.6550530864 1 1
76.1771934701 1 1
85.6935778151 1 1
94.2091162424 1 1
103.725008346 1 1
112.241945555 1 1
122.756904858 1 1
131.272873228 1 1
140.788819808 1 1
150.306075213 1 1
159.821448536 1 1
170.33818991 1 1
179.854825683 1 1
191.371464809 1 1
200.888093319 1 1
208.40473021 1 1
218.921490581 1 1
229.437946164 1 1
239.954557074 1 1
248.471602955 1 1
256.996278298 1 1
266.504647378 1 1
276.02778314 1 1
287.538040449 1 1
296.059641938 1 1
306.575617572 1 1
