6.01645711955 1 1.95496587286
13.5401161321 1 -0.749906169571
24.0592326678 1 -0.946933225836
33.5729124791 1 -0.492768208161
43.0900907797 1 0.980040535666
53.6090899821 1 -0.41668154118
63.1332596741 1 0.0637685375622
71.6565443373 1 -0.959355297685
83.1815901183 1 -0.958513733198
93.6959758852 1 -0.942499840487
105.211853741 1 1.10764201259
112.728089464 1 -0.270362638911
189.85696981 1 1.07419962547
197.372227196 1 -0.653367391034
206.890418475 1 -0.175567676526
217.405398731 1 -0.813460131465
225.92357213 1 -0.143546335751
235.440001173 1 -0.976284868413
242.95680261 1 2.6439553093
260.990456329 1 0.86778163326
271.498223098 1 0.0986615090429
282.007210972 1 0.0955933163739
292.531441287 1 -1.24871116183
301.040371611 1 0.861349867923
