33.6005316318 1 -0.239864624728
41.134674379 1 -0.746195782835
48.6653169607 1 -0.793359152782
58.1833610138 1 0.153224735652
98.3181144531 1 -0.131545975672
109.849049251 1 0.827400652733
120.367839488 1 0.204123845954
131.898739924 1 -0.570718220729
179.518651113 1 0.153057785672
189.049634521 1 0.941653529552
198.568292339 1 0.372767713838
207.098365574 1 -1.07321609468
234.664526916 1 3.12445138773
244.182977166 1 -0.742813638796
253.71465284 1 -0.905242840495
264.232532626 1 -0.573723320414
