33.5708323265 1 1.23303485561
41.089279224 1 -0.552585849609
50.6041932704 1 -1.51661142148
58.1211586948 1 0.38499617805
65.6387105065 1 1.7420299358
75.1528057337 1 -1.06140531096
86.6694359199 1 -0.850020935815
167.811145551 1 -0.865715795993
176.320444638 1 0.21630338138
185.841414761 1 -1.48330710129
195.357318877 1 1.32445231708
203.874715083 1 -0.429203225029
212.389244164 1 1.56605427055
221.906966388 1 -0.0962617504522
229.421361374 1 -0.638165881883
239.939035268 1 0.656692726035
249.45491508 1 1.13979541172
257.97102872 1 -0.309620952086
269.487070284 1 -0.460460851631
