6.01648058622 1 2.24066999124
63.1233656792 1 -0.193139724297
72.6415058338 1 0.0441745976707
81.1489890475 1 -0.322855184616
90.6580073724 1 2.23951232745
101.180650334 1 -0.669707224765
110.699057003 1 -0.359902882569
122.212282567 1 -0.706323792759
133.729536575 1 -0.673085023634
141.244045542 1 0.0263674561946
149.761651551 1 -0.123698321073
160.277468226 1 -0.196988572564
169.792793218 1 -0.562120031888
181.307231226 1 -0.302772634999
188.824445286 1 -0.635049165974
197.339030799 1 -0.595113757059
205.857359525 1 -1.03855671942
215.37413554 1 -0.232772973746
223.889104341 1 1.30975660781
243.923054746 1 -0.192163233346
252.440801275 1 -0.745984678746
263.95597541 1 2.66645750602
272.474277876 1 -0.343469584016
281.989414018 1 -0.633234980904
