6.01648729098 1 -0.495920755764
16.5423809451 1 -0.944173075806
26.0584317281 1 -1.14488474951
35.5732862696 1 -0.824860527331
44.0919739799 1 -0.579678813935
54.6013510097 1 -1.07516678587
64.1233771331 1 -0.537300612617
72.6397500241 1 -0.752685100376
81.147868514 1 -1.35745339389
154.276708632 1 0.987193610492
164.792322488 1 -1.23097904
173.307147417 1 1.33677790924
183.824290797 1 1.82338365823
192.339500132 1 1.27839769986
200.857632185 1 -0.164950968811
212.374440048 1 1.36193068376
219.890843389 1 1.04541298353
229.405895163 1 0.126048814945
238.924508003 1 0.1226200547
248.439446913 1 -0.162559675411
258.957719487 1 1.18884808458
