6.01646186876 1 1.86576687681
15.5402650337 1 1.12618051086
25.056984058 1 -0.161654470603
34.5644069288 1 0.111873544584
45.0821020549 1 1.24273161741
102.177049876 1 -0.852935251542
111.691760266 1 -1.76157481342
122.207191976 1 -1.65691075029
132.723233819 1 0.73582057569
141.240909669 1 -0.176537584392
151.757655512 1 -0.0727011361217
161.274076454 1 1.61852326382
171.789231872 1 -0.746479912421
181.308961893 1 0.315247466
190.82237519 1 -0.0439766218428
199.340682964 1 -0.957093065525
209.856806941 1 -0.462032003319
218.373991108 1 0.801703601237
227.889031148 1 -0.0702095706584
238.407250642 1 -1.09955619118
293.511777055 1 -0.931575667816
303.027666645 1 1.17538958273
