24.0665397418 1 0.0460250141263
33.5964492694 1 -0.0251251362274
41.1295904926 1 -0.584445132397
51.6630744969 1 0.525799764337
77.2610697728 1 0.406453252312
87.79344805 1 0.049109144295
98.3275544797 1 0.285135028557
108.861606713 1 -0.590918475152
136.459410623 1 1.99720496387
146.993268977 1 -0.587270808472
157.527233769 1 -0.270908329074
168.059158636 1 0.368235350682
188.109044027 1 -0.704627623553
197.640665783 1 -1.25700865987
208.158962941 1 -0.3071904894
219.691082805 1 3.19270707551
245.247005136 1 -0.903430121603
256.778473242 1 -0.861856979421
266.312752598 1 -0.468157438036
275.845514723 1 -0.309730400484
