23.0692364532 1 0.495106620545
31.5884094208 1 0.0477826309154
40.1191187707 1 0.111393751523
51.6375860619 1 -0.36420613584
62.1687901675 1 0.229894514723
70.6875306778 1 0.875383350928
81.2189820215 1 2.14830150206
89.7385310144 1 1.41580571653
159.456087296 1 0.813824808515
170.987137192 1 -1.5156421391
179.519894568 1 0.258251070658
189.051450953 1 0.495866688066
216.619650263 1 -0.363073951916
227.151086521 1 -1.48196263624
236.669512745 1 -1.57332265465
246.201240381 1 0.171059052803
281.286309852 1 -0.865483044196
290.823529247 1 0.527965191077
301.343098355 1 -1.4269443364
