25.0830328994 1 1.41538679957
35.6141816907 1 -1.4435010566
46.1492407555 1 -1.36383464485
57.6809672738 1 -0.700778497948
77.7484750157 1 0.976381999162
96.8151734368 1 -0.399810450077
104.348832324 1 -1.52864336365
113.881386321 1 0.674084993794
125.413817399 1 0.565455058329
144.482263249 1 -0.565924139631
154.014010999 1 -0.893556674724
164.547532158 1 -0.618780298588
184.583834258 1 0.677534009824
193.101512343 1 0.59217213187
202.632055471 1 0.650570610947
213.149662317 1 0.9502936549
230.196730311 1 0.209866442483
239.712599227 1 1.66833063214
249.230280664 1 -0.866277757996
257.762171729 1 -1.24895800952
302.415234618 1 1.24998856057
