6.01601097346 1 0.626699714998
17.5409486401 1 0.615350556199
27.0565680834 1 -0.967832448392
35.5708286947 1 -0.55440087461
47.0878228937 1 2.32314712452
56.6021888257 1 -0.780272956325
67.1195813993 1 0.225450189904
77.634287598 1 -0.0192077643801
86.1524928448 1 -1.23457680823
95.667555234 1 -0.40995239695
105.185881446 1 1.68574677407
123.219038174 1 -0.0211810514951
134.736003319 1 1.70707751132
144.25245555 1 0.595621821942
154.767527717 1 1.8932673546
163.284214614 1 -0.225173571179
172.800627175 1 0.22754723838
181.31909251 1 -0.731322404814
191.841417554 1 1.6461945023
208.873357927 1 0.617967471366
218.389185497 1 -0.842002300057
226.907070871 1 -0.947197394819
236.421587939 1 -0.822136359612
246.938588005 1 0.204667243212
255.452889683 1 -1.00665318361
264.971296073 1 -0.968585358779
273.4847225 1 -0.101707299454
284.00254753 1 -0.823753186404
291.517259875 1 -1.04813323692
303.035217604 1 -0.864648906792
