27.0567898993 1 -0.0785811112719
36.5742746634 1 -0.960112268411
48.091804964 1 -0.308616497825
55.6062505151 1 2.10805771372
67.1225725616 1 1.17176898387
75.6407068496 1 -0.335425685888
140.262454865 1 -0.730739271845
148.779878728 1 0.659232831041
158.294322044 1 1.05759569508
167.809996801 1 1.88125052667
198.358667373 1 -0.789065756158
206.87311879 1 -0.871630384555
217.388839922 1 -0.784908687928
225.904901601 1 -0.644524836496
234.423007393 1 1.73764561359
241.939659929 1 -0.618651179161
253.456524782 1 -0.903008731162
263.972977851 1 -0.588946414172
272.488501751 1 0.490468042909
283.005088915 1 -0.957490308026
290.523286339 1 -0.534318273979
