6.01667083386 1 -0.0808605408348
15.5426147737 1 0.728314983134
26.0572430295 1 -1.08169939268
35.5751884667 1 -0.226586701682
46.0919412942 1 -1.37772212905
55.606894731 1 -0.601130897517
63.1252784921 1 1.49816469233
70.6416837894 1 -0.513908936994
128.73151001 1 -0.264824552047
137.245908069 1 2.36991825665
145.763312935 1 -0.993714089343
156.277502029 1 -1.65615744697
164.793084596 1 -0.598421432283
175.309100458 1 1.50927735668
184.826615114 1 -0.608984489797
194.340769846 1 0.743175258921
202.858295677 1 -0.416035531901
213.372558803 1 0.935076428375
222.890974412 1 -0.129603595358
232.405854096 1 0.647382967392
299.02433326 1 0.118339792964
