70.7173051324 1 2.09686499472
82.2505737461 1 -0.0638621622638
91.7820873882 1 -0.415837412855
101.301200013 1 -0.213074319576
146.950814978 1 1.20789604215
157.483149953 1 -0.950972709888
168.01673844 1 -1.45464212528
177.547738889 1 2.04182376289
208.122598822 1 1.1501758496
217.653591448 1 -0.0307730288791
225.170158218 1 -1.03817684927
232.70215153 1 -0.445015759733
250.750767765 1 -0.474513101359
259.268525469 1 -0.0337397297822
269.800090235 1 -0.0912877742869
289.866132707 1 -0.832947127756
301.401490134 1 -0.451918548437
