60.1978824124 1 0.809840004552
69.7286660735 1 0.635665019933
79.2626319826 1 -0.43431468666
87.7932008118 1 0.995626177434
116.377749127 1 0.494373879978
126.909718414 1 -0.179288687763
138.427604346 1 -0.573571362166
148.95971583 1 3.02493256631
164.009303976 1 -1.21118529638
173.525777159 1 -0.926017712816
182.043849707 1 0.31705857493
191.575825699 1 0.355506312926
213.625512181 1 0.177979743521
221.149284616 1 0.245068133851
230.680438156 1 -0.820016683453
239.197743289 1 0.138435698388
260.247185885 1 -0.967633223562
270.778572975 1 -0.644882653858
280.313560802 1 -1.78748361085
290.844727193 1 0.349907805684
