6.01649148146 1 0.619568327837
15.5331219471 1 1.06626387097
27.0583384201 1 -1.2266134912
87.1597309155 1 -0.0925390710302
96.6743974444 1 -0.509223835979
106.191895059 1 -1.04230121033
114.70670602 1 0.160642358416
125.224453387 1 1.27552414374
133.73994991 1 0.998231890747
143.257925239 1 -1.09781216529
152.774675832 1 -0.51174750788
163.289559707 1 2.42245090007
173.805756877 1 -1.03858378967
182.324262441 1 -1.1254171958
190.839169503 1 -0.871289564862
198.35741442 1 0.677874835535
263.960789709 1 0.467994524694
273.478146524 1 -0.51147983861
281.992901332 1 -1.03959269689
291.509475366 1 0.159393859124
299.026466492 1 1.2186556564
