27.0559652135 1 -0.328751189229
34.5740676538 1 -0.355591305472
46.0909811163 1 -0.405452089705
55.6058152642 1 -0.748823387402
65.1223837108 1 2.68651844755
105.182567617 1 1.5837923692
115.705943632 1 -0.489641097172
125.213291633 1 -0.353418942513
132.731154937 1 -0.317255561379
140.238898519 1 -0.492006918106
148.763431106 1 -0.389915386163
178.309273106 1 1.52430466981
187.826579635 1 0.460862155289
198.342244894 1 -0.94875659017
207.856617252 1 -0.748830015508
218.374035247 1 -0.677035159036
