26.0709520344 1 -0.579656093312
35.5884530017 1 1.14579335824
53.6396092241 1 0.510605228643
63.169641393 1 1.66682187947
72.7021733209 1 -0.993855062037
91.7668382434 1 -0.663937711499
103.301917981 1 -0.694659478922
112.835547255 1 -0.558061374357
122.366788796 1 0.570048528676
133.901525753 1 -0.00841891936351
151.966475907 1 1.42078426084
180.549430724 1 -1.51404302482
229.164667018 1 -0.990786196038
273.803930667 1 -1.21551648576
284.334887535 1 0.652278871571
292.869436479 1 1.25260221866
