15.5503869905 1 -1.11544555592
26.0712260916 1 -0.374787285907
37.6039482672 1 0.888221620452
47.1388978208 1 -0.189796292125
94.7950317708 1 1.00410333357
104.32585147 1 -2.0151829344
113.857350306 1 -0.246035228149
124.39057478 1 -0.942301957966
160.502687632 1 1.01828512396
170.018835075 1 0.955959219786
178.535445147 1 1.64901232629
188.053886178 1 -0.938757567113
225.153472858 1 -0.62599942081
233.685001585 1 0.578629543026
244.203365232 1 1.39154942462
255.734887535 1 -0.619176944003
292.855062305 1 -0.418277405306
