30.5749850889 1 -1.22713400489
39.1000034921 1 -0.900398053305
48.6241259713 1 -0.297186082894
58.1483766792 1 1.13926877323
69.6626277921 1 -0.508810847635
79.180139934 1 0.0673451863138
89.6944335104 1 -0.33285553779
98.211775519 1 -1.0141601755
107.726557426 1 -1.46532003499
117.243721199 1 1.55166041976
125.758139093 1 1.00055886531
134.275541165 1 -0.334894105621
144.791470424 1 -1.16525457281
153.308050604 1 0.470085475067
163.822550073 1 0.2217133532
175.340888297 1 1.32611781176
184.855807093 1 1.60544082509
195.374162638 1 0.118467946924
203.889205192 1 0.624088015498
213.405797105 1 2.41037907776
223.924095101 1 -1.21499832705
233.440507942 1 -1.16437529811
243.95598854 1 -0.659657276832
251.474317825 1 -0.573717768034
261.997433473 1 -0.067719421575
269.506202325 1 1.03636959455
281.030783521 1 -0.99895989847
291.547323473 1 -0.218893101201
300.060844046 1 0.57283916224
