6.01603024965 1 2.44582970608
14.5389268748 1 0.390588232663
22.0579883756 1 -1.0639685153
30.5737469427 1 -0.395541229226
40.0888995668 1 -1.10819703374
49.6069561914 1 -0.586955874794
59.1232908093 1 -0.943305704718
68.6401349892 1 -1.01493265323
78.1570481723 1 0.197668152561
141.280566664 1 -0.835231372781
152.790017167 1 -0.72086778509
162.311958363 1 -0.895965848599
173.827366607 1 0.602855698115
183.343515447 1 0.864106797908
191.857660122 1 -0.631621351974
200.373750574 1 1.36604642024
209.891142589 1 1.19736718511
219.407129118 1 -0.919454773689
230.922592676 1 0.389062863892
240.439136538 1 -1.03820429498
249.956045252 1 -0.89589886953
259.471076352 1 1.48488923384
267.989801218 1 0.435515247201
276.50451915 1 -0.51328167882
284.022967724 1 -0.20662793333
292.537795725 1 1.81762774241
302.056062433 1 0.578497639773
