6.01601739886 1 0.896399711396
14.541082456 1 -0.278070500194
25.0555458864 1 -0.460744492761
35.5734038823 1 -1.92223516266
47.0893431986 1 -0.272919580446
56.6051003689 1 -0.206183746289
114.705137944 1 1.88272865168
123.221316955 1 -0.965513394797
130.739767764 1 0.577729547818
138.262313786 1 1.31311570009
145.779832353 1 0.205185986876
157.294035415 1 1.63011913985
166.81137016 1 -0.528604569306
178.326097591 1 -1.03135429381
185.843261085 1 1.56091294497
195.357768096 1 -1.60036000592
204.875076581 1 -0.022982134787
214.389482462 1 -0.0167207735634
223.907077576 1 -0.719849981045
232.42142479 1 -0.0169490191836
242.939649313 1 -0.0237040279148
