46.1152341988 1 -1.67968808398
55.6348879536 1 -0.0663063086666
64.1677822181 1 -0.842098953296
74.6990846602 1 1.42999200589
90.7489884888 1 2.6325180925
100.266556504 1 0.0818639220276
107.798485562 1 0.440817818965
117.317175507 1 -0.274668768734
136.383805204 1 -1.33595980348
144.914717653 1 -0.689254680137
205.051700984 1 1.01208138236
214.567472682 1 -0.405980669483
223.085280671 1 1.0008065294
233.617878529 1 0.0808359172194
264.198941206 1 -0.341640849791
281.250434902 1 -0.489789737792
290.782939452 1 -0.627962117977
301.317409336 1 0.0744343049739
