6.01647220527 1 0.549767558304
16.5324375025 1 -0.465484013369
25.0405847671 1 0.128425745965
34.5649187257 1 -0.538713504789
42.0811142198 1 -0.603078944297
53.5965615742 1 -0.825740106205
62.1115451824 1 0.662762096509
177.307628484 1 0.735315618268
186.823984054 1 -0.280548771628
196.339503764 1 0.886066821434
205.857482166 1 1.91551250933
215.36694552 1 -1.48482297868
225.889275592 1 -0.600965863994
236.407356522 1 1.19325493432
247.933215814 1 -1.26132215194
255.456642674 1 -1.36082928834
265.978410664 1 -0.0808498042972
274.495888444 1 1.03220672332
282.010550782 1 1.95142116382
291.527972131 1 -0.554384616773
301.042297555 1 -0.99799312697
