27.0682220785 1 -0.320158981713
56.6672241863 1 2.51199664
64.2018167113 1 -0.546229317941
72.7347688044 1 -0.520575657581
82.2685008849 1 -0.346196021379
121.389824684 1 -0.797868072468
131.920793565 1 -0.820623922762
140.454759753 1 -0.547057383638
149.986320049 1 -0.294961345361
189.116210859 1 1.71105890311
205.184429027 1 -0.671276897648
213.718839964 1 0.253988270527
223.251046432 1 0.00509657779076
232.78463855 1 -0.371145070052
240.317647634 1 0.105343337633
248.85110454 1 0.255375238589
260.384407795 1 -0.846876797
270.916511177 1 -0.970352227622
291.983558525 1 2.21046272751
