34.5998555682 1 0.346985595438
45.1347201949 1 0.294216469079
53.6666657354 1 -0.377288857092
65.1984509204 1 0.0612447384019
83.2486933395 1 -0.132653095657
92.7683127325 1 -1.05794509043
102.300370857 1 0.682247439343
110.834527293 1 -1.20197585754
149.968451856 1 -1.03851204703
159.490912951 1 -1.00883891449
169.020610161 1 1.7971492713
178.538059725 1 0.682794051813
188.068779971 1 2.61796551158
199.586259706 1 -0.0400605020715
208.117426377 1 1.07355080698
218.634979027 1 -1.15024254562
254.732237756 1 -0.907299989098
264.264514345 1 -0.181140693893
273.782555325 1 0.635290517719
281.316032904 1 0.00773331883061
299.383098969 1 -1.10322012755
