13.5411472687 1 1.61670571697
23.0566842993 1 -0.0837853578084
32.5706563264 1 -0.159154276876
41.088297535 1 -0.0302425747947
49.6027729781 1 -0.798662379951
60.1204046883 1 -0.77492479729
69.6362512554 1 -0.774423989367
81.1533437909 1 0.0222500264732
90.669524758 1 -0.721319636067
100.184822373 1 0.0782558577144
109.701763213 1 -0.772830671633
167.80090654 1 -0.878131329713
222.905254718 1 1.0091143167
231.422885031 1 -0.163018607049
241.938938049 1 3.31853970552
251.453448693 1 -0.347234831046
262.97042138 1 0.262136576045
273.485007173 1 -0.55988972701
283.002488584 1 -0.243384020809
