6.01602522109 1 -0.0147845006818
14.5511896065 1 -0.0891060164096
23.0810069436 1 -0.142405037161
34.6161165735 1 0.362196380734
56.6635309795 1 1.20265353218
68.1951854216 1 0.563151653782
77.7271533114 1 -1.36395212993
87.2463642726 1 -1.82477467709
96.7799061054 1 1.3304154997
106.313045932 1 -0.794308589644
114.844444196 1 3.27054390229
124.379926778 1 0.0416886230821
164.498117778 1 -0.608871873628
174.027999927 1 -1.17530028498
185.561360732 1 0.36962853226
196.092960418 1 0.505751130488
233.196749308 1 -0.333047714066
240.71236037 1 0.82729317067
248.230657248 1 -0.275638553683
258.761047005 1 -0.138820675748
277.815177348 1 -0.418238913303
286.345602304 1 -0.40757759768
294.87986909 1 -0.346973821401
302.413015621 1 -0.53952203979
