6.01600845918 1 0.603232996332
15.5413132116 1 -0.0371795761935
25.0566393215 1 1.66720620349
35.5701906248 1 -1.06031020586
45.0881952874 1 0.16432794299
54.6024578543 1 -0.734908411479
64.1189371834 1 0.793607853756
72.6371812619 1 1.39249709717
81.1524160194 1 -1.13587237588
91.6721812409 1 1.5151596361
103.185786741 1 -0.484623211853
114.704226375 1 -1.28910448419
123.218940675 1 0.542752351425
132.737304043 1 0.605948863535
140.252400515 1 0.21672439993
149.770554638 1 -1.27489731125
159.285380125 1 -1.22321016307
170.794285866 1 -1.09904543503
178.301860153 1 -0.0727201862427
187.826180981 1 -0.21076326025
195.342324234 1 0.891410989739
204.856544617 1 1.84591715252
273.468420428 1 -1.43636731209
282.986657243 1 -1.13708563401
291.5019624 1 0.542214805415
301.019822352 1 0.415087274983
