6.01601292902 1 0.249707037263
15.5410757512 1 1.17374806494
25.0554550928 1 0.237319851433
34.5719757679 1 -0.430165368921
45.0901589448 1 0.325754621892
53.6049372197 1 -0.247431613861
65.1234668093 1 -0.888233846004
72.6387585573 1 0.115637916921
82.1569777723 1 -0.919021987571
89.6719191964 1 2.87753982936
98.1902761384 1 0.161633947608
108.698378146 1 0.704875963647
119.223282009 1 -0.690496187795
128.746596006 1 0.768658957481
139.256747995 1 -1.9985969499
147.778303108 1 -0.339689213019
157.295889282 1 0.0517450453855
224.90499854 1 -0.187204384855
235.420987584 1 -0.277951674172
243.939556564 1 0.143406456212
254.454454128 1 1.60324172417
262.972690663 1 0.234648195226
273.488111198 1 -1.18951395125
284.006417017 1 -1.92064430959
291.521382187 1 -0.30941536018
301.039310583 1 0.750447235574
