22.0827239216 1 0.268965945206
33.6167102243 1 1.05757859854
44.1503774921 1 -0.130705041792
53.6814980675 1 -1.31032298388
85.2843763663 1 0.714415620041
94.8161484211 1 -1.71108073621
102.349711206 1 0.0968600230159
111.882682855 1 -0.410578861273
131.949358648 1 -1.20231253038
142.48299742 1 -0.356105103213
153.014699354 1 -1.1420553236
161.550204844 1 1.30201647721
171.069735679 1 1.12013250923
198.670144669 1 -0.0192476377328
207.201598807 1 -0.523827959659
214.732919687 1 -0.632197509966
252.865017202 1 0.665010906926
279.465833227 1 2.0750430014
289.997932139 1 1.11809731129
299.533125579 1 -0.979686705167
