6.01666915767 1 -0.438071886023
14.5424764879 1 1.68206918346
24.059049125 1 0.0178463183508
34.5733337617 1 -0.152575290699
44.0916800878 1 -0.709434410381
72.640015421 1 1.53579487952
83.1648977733 1 0.176339749695
92.6790885434 1 -0.470625926418
101.195092114 1 0.187168023367
110.712300306 1 2.4314594283
122.228141565 1 -0.790364450816
264.974367971 1 -0.00686539115914
274.497779746 1 -0.504765167358
286.007760763 1 -0.735274548388
295.529408067 1 -1.15151101481
303.047076374 1 -1.07118949665
