84.267950815 1 1.80339532869
92.8036719751 1 0.176118118755
101.333269452 1 1.2208662709
111.867912263 1 0.0474010728842
139.46988933 1 -0.858207905885
150.00256094 1 0.133489957971
158.535031408 1 -1.07937344621
167.068707336 1 0.0893912365082
187.135012131 1 0.269970056031
196.665746065 1 2.12147383498
207.199391263 1 -1.38883371276
217.733966188 1 -0.852414650912
235.787935059 1 -0.173876833409
245.320367533 1 0.546211487783
254.854723994 1 -1.21316656593
266.385469662 1 0.815668732899
292.984380696 1 -0.491962126883
302.516699748 1 -1.16615085541
