6.01646801479 1 0.119737029031
14.5288856545 1 1.20236521394
32.5609081601 1 -1.47220491628
43.076665051 1 0.207940972434
51.5925982213 1 -1.06059341075
61.1103123442 1 -0.755743937606
70.6248743905 1 -0.0672830339135
81.1418568561 1 0.0674968907304
153.757318318 1 2.43488463929
163.275917191 1 -1.66197860443
172.78955817 1 0.619623172172
182.307545791 1 -0.495917472337
200.322751076 1 -1.18152589388
208.829746518 1 -1.6088487538
218.34747852 1 -0.42576124033
227.863078687 1 0.890880256944
237.379046778 1 0.959311665498
248.894860101 1 0.719270379605
256.409743417 1 1.13299926257
265.926771699 1 -0.103629047481
275.441306647 1 0.653499486816
284.958938636 1 0.204180960723
302.990958069 1 -0.378703618939
