6.01600790044 1 -0.631458005844
15.541346456 1 -0.476780848187
73.6406822655 1 1.90025264485
83.1582589407 1 2.14340820582
93.673969457 1 0.219937852088
157.277493089 1 0.0920344950541
167.794809676 1 -1.07036784917
228.888448672 1 -0.133931658992
239.406390477 1 1.53302871732
247.923664041 1 -1.35380005704
257.440778367 1 -0.930261473818
267.956641417 1 -0.504566627238
278.474192111 1 0.399135806832
287.990004316 1 -0.448172777378
295.508097258 1 -0.289983570863
303.023447114 1 -0.448474853418
