33.5979581204 1 -1.37640461687
41.128612156 1 0.344937508274
52.6482100379 1 -0.932811066138
62.1785313497 1 1.27103712485
87.7782368988 1 -0.0746021803887
96.3094616774 1 -1.33859167833
106.843208564 1 -0.596038254616
117.375387375 1 0.33735542808
148.974755171 1 -1.26421032198
159.509810046 1 -1.15565087735
169.039675434 1 2.01947953077
177.557593772 1 1.6438716743
193.607561855 1 -0.0334136667637
201.139771675 1 -0.813732547314
211.657403944 1 0.152779631723
221.189353954 1 -1.03662858685
242.239178443 1 0.491939648965
251.763166827 1 1.30848020584
272.812233678 1 0.153248826037
283.343805428 1 1.08519806497
292.878577864 1 -0.634508440057
302.410381487 1 0.448264592859
