25.0731886315 1 -0.232972064899
35.6017122288 1 -0.909210681299
46.1202256153 1 -0.229513371617
55.6498806413 1 -0.816662433665
73.6989173205 1 -0.451417669128
82.2168524212 1 -0.638057415367
93.7529068639 1 0.498439884685
102.28507422 1 0.272987107529
120.33407123 1 -0.456902311016
129.866673558 1 2.3377234017
138.401975391 1 2.05753854905
146.932151991 1 0.372183382641
162.981546258 1 -0.0383528438925
171.498043746 1 -0.175251715279
181.0144591 1 -0.312106844571
190.532978912 1 0.140530742345
200.064548148 1 -0.220906927124
210.58121968 1 -0.633184395088
222.106199252 1 -0.779353516053
233.635653693 1 -0.90855838724
251.68394335 1 -1.59456990334
262.201224457 1 1.46950927372
273.733275598 1 -0.773614863222
281.26498284 1 2.02172300113
