11.5410489322 1 1
23.0535959179 1 1
32.569492212 1 1
41.0855231601 1 1
51.6011367367 1 1
60.1173864276 1 1
71.6332254518 1 1
80.1498061905 1 1
90.6668607323 1 1
98.1831070709 1 1
105.699891746 1 1
114.216313805 1 1
121.733033109 1 1
129.249735092 1 1
139.766504402 1 1
148.2840713 1 1
158.792552126 1 1
169.316040446 1 1
180.824197768 1 1
189.340220335 1 1
199.849424717 1 1
208.372022142 1 1
217.88798297 1 1
227.403782045 1 1
236.919677222 1 1
245.43581377 1 1
255.951358622 1 1
266.467440136 1 1
276.983342296 1 1
287.499346425 1 1
298.015616789 1 1
306.532452868 1 1
