37.6011764065 1 -1.08228594998
46.133505236 1 2.20558109287
55.66632491 1 -0.341145951195
63.200935035 1 0.277334677713
101.324517781 1 0.956017773428
110.856524782 1 1.29773336135
119.387672176 1 -0.905659646813
127.922988257 1 -0.74480680383
147.988822322 1 0.838084651267
156.517771672 1 -0.168362156723
167.051334178 1 1.18623036612
178.582708976 1 0.114339408304
196.631279674 1 -0.73331819646
206.149184882 1 -0.341155443555
214.683991681 1 -0.856513884869
230.731114429 1 -0.733185303394
242.247910279 1 1.70131257966
252.766166091 1 -0.342931464736
262.298572025 1 -1.18924115392
302.416693462 1 -1.13802795524
