113.69108085 1 1.85754122764
122.208032865 1 -0.279374009994
129.723263711 1 -0.495825422746
137.239704767 1 -0.544099775316
146.756508998 1 -0.908513452139
156.27270952 1 -1.32056419904
163.791058361 1 0.716214669037
173.305962071 1 -0.446596774235
182.824215368 1 -0.653468602086
193.331432626 1 -0.605197505109
204.839123688 1 0.851656326106
216.346192323 1 1.00998358709
225.863699716 1 -1.10322075357
235.378004467 1 -1.15066289496
245.895933701 1 -0.449699762123
255.409776662 1 -0.106853580667
282.959655766 1 0.0842591382036
293.474568136 1 1.59068549003
302.991229891 1 1.95373629389
