27.0693398183 1 0.80423281647
36.6052903372 1 0.562504598486
44.134586379 1 -0.94886707941
55.6699809613 1 1.96803760529
85.2487285395 1 -0.0912967350797
94.7656216083 1 0.297690113428
104.284593992 1 -0.331156447287
138.401167187 1 -1.26636284679
180.517645958 1 0.447983677965
191.047701873 1 2.131039752
201.565961875 1 -0.444379014297
211.09769873 1 0.728145903458
229.152526648 1 -0.0128834964733
238.67016646 1 -0.601374643191
248.201551314 1 -0.869290678007
258.735232551 1 -1.34163534991
302.400420165 1 -1.03238817664
