15.5397026717 1 0.797706958461
25.0567605659 1 -0.19281848911
33.5762872097 1 -0.199701800668
43.0897843162 1 -0.350938936123
52.6079426296 1 -0.0771476731287
60.1230544664 1 -0.153031953313
69.6412507735 1 -0.631377985267
79.1564690485 1 -0.588417496414
88.6729232347 1 -0.904647111756
97.1896531542 1 -0.548624989529
108.709648573 1 -0.219420249049
119.232178671 1 0.0626110842147
185.841766761 1 3.84515497562
195.357805252 1 0.995246388997
204.875231908 1 -0.27481647681
213.390880685 1 -0.630231540697
221.90550894 1 1.23378713549
231.425239241 1 -0.515617603279
270.491521408 1 0.157940470663
281.005843759 1 -0.667841291431
290.523662924 1 -0.391489768335
301.038818062 1 -0.746323648532
