71.6332980868 1 0.496826193926
80.1567000834 1 -0.440613685299
88.6796433625 1 0.950999172826
96.1969934726 1 -0.12257741161
105.711609716 1 -0.421282448214
116.228698899 1 1.11580057798
123.74328972 1 0.215057731378
133.260498192 1 -0.624125779902
162.80641562 1 -0.219304292341
174.322726492 1 -0.888652444231
183.841439904 1 -0.62500554364
194.355921493 1 -1.29021016543
204.872320923 1 -0.988495528907
215.388926805 1 1.8567535307
262.972711057 1 1.28646127694
272.4894569 1 -0.972878039379
282.998566578 1 -0.97484684738
293.507544115 1 -0.510554341215
301.028796677 1 2.15664804379
