6.01659875766 1 0.426900328404
14.5327439661 1 1.93290373131
73.6282102893 1 0.796108147655
81.1418311545 1 0.184364270922
90.6590795758 1 -1.02588071144
101.173480428 1 -1.10889077958
111.690551732 1 0.651400485102
120.206464788 1 0.439149003154
130.724770606 1 2.28294258605
142.239829923 1 -1.32087427844
150.758046344 1 -0.941198770115
161.272989444 1 -0.302948026205
168.789343618 1 -0.578232042128
177.307855328 1 0.564382399524
186.824114238 1 -0.91940079921
267.945870495 1 1.09293956676
276.460989595 1 -0.792902480079
283.977070829 1 -0.920183423516
292.493123009 1 0.16102557501
302.007743442 1 -0.621604783178
