6.016027456 1 -0.688278445853
14.5336477122 1 2.42412536133
23.0571005533 1 0.581028244289
33.570983463 1 -0.121252157184
45.0882084176 1 -0.757783120178
53.6026307813 1 -0.865482508217
63.1201158248 1 -0.013484836614
73.6343515726 1 1.47776387162
83.1515865843 1 -0.399057814385
92.6674873483 1 -0.150913714343
102.182110576 1 0.0717219548545
160.280768645 1 -0.699699427762
169.798602336 1 -0.370819605277
179.313957221 1 2.22280987503
195.349650025 1 -1.10001930825
206.856725925 1 -0.0811179006497
215.364998903 1 -0.962737848707
223.872077596 1 0.389484874331
235.381787909 1 -0.0834433186742
245.903529918 1 -0.451639896787
254.41990672 1 -0.783076200289
264.936527687 1 -0.315579836267
281.967635272 1 -0.838147293321
293.486437243 1 -0.650258877887
302.000024584 1 2.16585792919
