26.0663573164 1 -0.320326918339
35.6007185271 1 0.903750129099
46.1326526137 1 -0.707026691996
56.6675180784 1 -1.3594855169
85.2556316515 1 0.0653998511405
95.787242792 1 1.23228419599
104.321695634 1 -0.00281661924838
114.852731562 1 -0.449731042464
160.515881767 1 -0.191110243832
169.047607447 1 -1.86567084083
178.565821913 1 2.39446604898
187.098824851 1 1.36082691894
215.698901676 1 0.778931476301
225.232278125 1 0.0675148889317
236.763607106 1 -0.894394987492
246.282096468 1 0.843691506894
273.86468364 1 -0.317376483969
283.399613079 1 0.258034070732
292.930475801 1 -0.896121040344
302.45395127 1 -0.900838701597
