32.5590042869 1 0.233423839076
43.0750676413 1 1.34868611681
51.5908792877 1 -0.595530357299
61.108350363 1 -0.694137569246
71.6233482188 1 -0.818603545599
82.1413537195 1 -0.725571733978
150.757269429 1 0.327116106399
160.274363362 1 -0.835672264454
169.797762844 1 -0.515284455099
179.307625969 1 -1.06160261832
189.829700982 1 -0.244761051286
218.380232683 1 -0.34582039205
225.896479022 1 -0.569334952851
234.410966198 1 1.50545991897
243.925729946 1 -0.819136291824
253.442976412 1 -0.790042042564
263.958879131 1 -0.758297420903
273.474497736 1 -0.0246075474169
281.990275021 1 1.85723487032
292.506067671 1 1.22127266987
301.022685006 1 2.30520872144
