42.1373311412 1 -0.647607019462
49.6669288974 1 -0.857340812957
60.2004433524 1 -0.200766255967
69.7332211217 1 0.0190074112947
98.3346710266 1 0.563850803407
108.865125316 1 -0.252344839947
118.38489417 1 0.287797604763
125.917919456 1 0.563699606006
145.985763554 1 -1.36598718707
157.516977158 1 -1.57914596963
169.048143828 1 -0.0865394125866
180.56644378 1 -0.477657493599
201.616175799 1 1.39356754768
212.136798671 1 -0.853514782066
221.654228401 1 0.568525014553
229.186470906 1 0.625129067108
238.71951491 1 0.623505539297
250.250384616 1 -0.911284160636
258.768012694 1 2.21805046609
267.300840749 1 -0.752447641077
292.903193283 1 2.09517494906
302.433111192 1 -0.973672434264
