6.01647332273 1 0.877532278317
14.5431922214 1 -0.161917399095
32.5732966061 1 1.83794908809
44.0915594021 1 -0.789691796481
116.21180597 1 -0.497093390088
125.72961815 1 0.627204769457
134.244017885 1 -0.551463687408
145.761267144 1 0.601071245124
156.275554854 1 -0.708937169005
165.792827301 1 -0.579883064615
176.306954934 1 -0.288459925413
185.824545578 1 0.417552241225
196.339381402 1 1.20784659689
254.439370646 1 -0.288771012613
263.957629252 1 -0.895107674232
272.472978549 1 -1.41807780798
280.990989637 1 2.3481470465
291.515657158 1 -1.32794920375
301.040658519 1 -0.409951134917
