6.01649064336 1 1.39617508413
16.5530239178 1 0.37860650436
52.6854309696 1 0.381101303823
61.2169362307 1 -0.930978934916
72.7503101651 1 2.27290807282
83.2845906393 1 -0.998340627305
118.416992383 1 -1.37172649372
128.950275244 1 -0.304183994579
138.474948073 1 -0.815434650192
148.005989029 1 -0.935317716588
168.068946472 1 1.58486996489
178.601164114 1 -0.486683474235
187.133687103 1 -0.109338996003
196.667138701 1 -0.426800914783
223.250080108 1 -0.178517290064
232.783005103 1 1.33066685184
240.314493881 1 -0.107439199449
248.832891052 1 -0.679565490027
