38.1338225948 1 1.39861580884
49.6668364275 1 -0.305986698195
59.1998321016 1 -0.273266118058
68.7358862649 1 -0.953925014323
95.3316804231 1 1.72478180924
105.849830356 1 0.851843282306
116.381542626 1 -1.07457642632
126.90006579 1 -0.435131165804
144.967898993 1 -0.212425632425
154.499952927 1 -1.62494648097
165.032874569 1 -1.36701654394
174.564311665 1 1.69159550176
225.183790677 1 0.565184328786
245.232408309 1 -0.49644169109
255.766158548 1 -0.0165608714505
264.299286082 1 0.980149548489
271.834082823 1 -0.887865040405
302.431150048 1 0.435971403569
