37.570336174 1 -0.503310254183
49.0878583731 1 -0.970912617311
57.6021681527 1 -0.858861160201
67.1217755329 1 -0.973342682031
76.6362836618 1 1.59940403914
148.251743168 1 1.65545038477
155.768452974 1 0.616682476104
164.28627549 1 1.5580035983
174.808938566 1 1.82006023827
183.32692088 1 -0.026062769917
193.834265528 1 0.163459370368
201.358485506 1 0.0407003260547
218.390293459 1 -0.942995278769
228.90608974 1 -0.724332978904
238.420547863 1 0.125274275342
246.9365573 1 -0.74938317095
254.452781569 1 -0.968303413205
261.970367742 1 -0.861530382874
