26.0592631186 1 -0.605723438741
37.5662454306 1 0.420564725781
49.0734855966 1 -0.680511008096
59.5828483788 1 -0.988281244049
69.0915767227 1 -0.496998492147
78.6129706429 1 -0.852307094155
88.1305031785 1 0.0576470495465
96.6449976184 1 -0.662279990467
106.162494675 1 0.171605747533
114.676976264 1 1.58364646914
125.194241168 1 -0.627711448731
134.709516433 1 -0.702805346661
142.226140473 1 0.933251548827
150.742227574 1 2.79846008912
159.258010725 1 0.400474676589
194.322944955 1 -0.54798050196
204.83962431 1 0.137163566315
215.357777315 1 0.0575966329775
226.872809812 1 1.35567291297
236.390880685 1 -0.665441556657
271.457576312 1 -0.761374094232
281.981697674 1 1.63954632898
291.491006539 1 -1.48858983984
302.013463722 1 -0.47562569205
