30.5749850889 1 1
39.1000034921 1 1
48.6241259713 1 1
58.1483766792 1 1
69.6626277921 1 1
79.180139934 1 1
89.6944335104 1 1
98.211775519 1 1
107.726557426 1 1
117.243721199 1 1
125.758139093 1 1
134.275541165 1 1
144.791470424 1 1
153.308050604 1 1
163.822550073 1 1
175.340888297 1 1
184.855807093 1 1
195.374162638 1 1
203.889205192 1 1
213.405797105 1 1
223.924095101 1 1
233.440507942 1 1
243.95598854 1 1
251.474317825 1 1
261.997433473 1 1
269.506202325 1 1
281.030783521 1 1
291.547323473 1 1
300.060844046 1 1
