28.0714479075 1 -1.63005417857
37.6062723056 1 -0.773251023313
48.137888754 1 1.54121472615
57.6691288977 1 0.60761756113
88.2681234626 1 1.76059176874
98.7997879619 1 0.756611594873
106.3337061 1 0.176103694352
116.866582205 1 -0.0387072048091
155.983893204 1 -0.836427708812
166.516633259 1 -0.184164051142
174.048058063 1 0.257393636365
183.566583462 1 -0.328509625017
210.131110239 1 0.474730925068
219.647981238 1 -0.465175555805
228.171326244 1 -0.543963318994
239.702295124 1 0.473342439774
267.268224034 1 -0.833670106799
274.800878045 1 -0.760621496804
283.335926493 1 -1.70970263322
292.866186904 1 2.05664055684
