14.5467267488 1 -0.627157192901
23.0694272596 1 -0.873686846998
31.6001106286 1 1.18287884618
49.6675485292 1 -0.250865157112
60.198907403 1 -0.787618485559
70.7160940846 1 -1.48536811162
82.2332268487 1 0.950768387363
121.355436794 1 1.87869078144
129.889178373 1 -0.0194511775241
139.420421869 1 2.18865776138
146.956298636 1 0.169390671104
172.54955113 1 -0.747871829462
192.598177981 1 -1.29003357204
204.11613152 1 0.679804892925
213.647888768 1 0.72214486412
223.167020389 1 0.0586225880467
250.749472908 1 -0.365214206963
262.281641102 1 -0.708688711974
271.799672584 1 -0.675003500396
