6.01653562115 1 2.79541814688
15.5329942772 1 -0.188705286299
27.0513850224 1 -1.11183512656
63.1674050752 1 1.06907079987
73.7009840636 1 1.6415500627
83.2350005378 1 0.262796609999
91.7678981547 1 -0.768020753682
109.83496897 1 -1.11365952423
119.367552859 1 -0.824512679548
128.900698273 1 -0.881392938789
137.436507154 1 0.453514412975
158.489595186 1 -0.88127182491
168.021408028 1 -0.247899204748
176.554165683 1 -0.191461107242
185.085230106 1 -0.816274053443
206.134663204 1 0.728428456661
214.665987158 1 -0.700932326282
224.183510195 1 0.726926068081
250.747959308 1 -0.701483105975
260.266182713 1 0.841385394212
271.80106494 1 -0.826995513705
283.335039509 1 1.34995691032
292.865939945 1 -0.821195505535
303.400553422 1 0.206592089248
