6.01666133545 1 1.43019695686
14.5426963483 1 -0.452125339646
26.0590387885 1 -1.11717961708
34.5735849109 1 -0.724015897248
114.729140435 1 0.526249896724
123.242977529 1 -0.119772827306
133.760785798 1 0.385094217771
142.275373546 1 -0.492692332112
153.792674209 1 -0.497057602796
164.306769436 1 -0.909848705933
172.824376282 1 2.93841508938
181.340569262 1 -0.308760578593
200.372924492 1 -0.909422446421
210.890946475 1 -0.542092541592
218.406145753 1 0.204402969891
227.9242982 1 -0.403098496153
236.439545808 1 1.41075003378
245.958132388 1 -0.419042779534
