6.01654260528 1 1.88347282268
15.5316726008 1 -0.0391006752661
25.0429060118 1 0.748294357152
35.5631380525 1 -0.268269205122
62.1129869858 1 -0.669185549493
73.6271475844 1 -1.18585416277
82.144730685 1 0.125321500189
89.6591513726 1 0.495052650355
97.1771144098 1 0.0637021178666
108.691269421 1 -0.636227345726
139.241527066 1 -0.547051778082
150.756476312 1 0.220076336007
160.274621216 1 -0.516088914462
169.790975948 1 -0.790674357295
180.307925728 1 -1.00519826873
217.374334168 1 -0.468440499136
226.882543172 1 -0.745020769835
234.405757715 1 -0.681350720852
242.915391481 1 0.539348689323
252.422754289 1 -0.226208766768
260.947238825 1 2.34519453256
270.463067513 1 -0.547257715626
279.97908561 1 -0.853081117753
288.493454336 1 2.81680636744
300.0108511 1 -0.0582595266489
