34.6024620448 1 -1.05936547287
46.134117325 1 -1.3032280411
54.6673577229 1 -0.640923874155
64.203349029 1 -0.0535921181585
86.2559666103 1 -0.188582835107
94.7883513128 1 -0.51908902336
105.319644256 1 0.22880770959
112.852768159 1 -0.682691303604
142.452372578 1 1.6305259445
151.983387553 1 1.67759026994
160.519232752 1 -0.812034773226
170.049557136 1 1.0992268144
187.117791507 1 -0.599562990992
196.649116298 1 0.479250639111
204.184269509 1 -0.353090478644
213.716055532 1 -0.721810632017
222.251273276 1 2.17064976566
231.782522918 1 -0.597349880584
241.318033437 1 -0.602832705506
252.849266317 1 -1.17721048098
282.44053057 1 0.513628777293
303.50372268 1 1.5116846898
