25.066313456 1 0.586258746942
33.5974854346 1 -0.155741963196
42.1306065436 1 0.197988445098
50.6618416586 1 -0.331239406833
62.1812934325 1 2.39450119493
70.71108423 1 0.130841783308
78.2293137815 1 1.08526500987
85.7626231826 1 -0.83065787155
123.894533244 1 1.12374312581
133.411639748 1 -0.545084703502
141.945760984 1 -0.866182766821
153.477640315 1 -0.828031795161
183.045219434 1 1.44116111332
193.576755705 1 -0.932607926771
201.100512495 1 0.376642533667
211.633013134 1 -0.120165914476
231.696580711 1 -0.791188805837
242.21482451 1 -1.32858336873
251.745100564 1 -1.28822863421
263.26224143 1 -1.00736753345
273.797094603 1 1.89771653909
292.862978954 1 -0.300908967996
302.394999085 1 0.0918711665101
