25.0845506901 1 -0.208721345721
33.6156469607 1 0.420405871877
43.1501905968 1 0.475323356874
52.6788552735 1 1.05119671738
62.2132195572 1 0.735476302
71.7479478537 1 0.169041312754
81.2798107022 1 -1.38421447382
89.8149312273 1 1.47680853237
109.879578829 1 -0.261520631175
117.413375164 1 1.73106458545
128.948309632 1 0.790363482249
137.480181978 1 0.296924346298
155.545152806 1 -1.1932515197
163.078622562 1 -0.944527656325
172.612501589 1 -1.57011757474
184.145808755 1 -0.572579335504
204.182111972 1 1.24183154388
213.697991784 1 0.930705960026
222.214162973 1 -0.566029323211
231.731465591 1 -1.38170335707
242.2626507 1 0.18156763651
251.779892975 1 -0.509207862079
262.31098757 1 -0.316933442548
270.830860347 1 -1.82722332208
302.428656435 1 1.23532019631
