13.5402088813 1 1.23287733985
21.0567658739 1 -0.825091605787
29.5734631078 1 -1.20809847368
38.0926100943 1 -0.972367750107
47.6068396961 1 0.0601297062472
118.214259354 1 0.249546811053
126.729062213 1 -0.0359172497661
137.247342889 1 -1.90594689034
144.760913747 1 0.131636120466
154.277851235 1 1.28010916806
163.793460063 1 0.704858361764
249.440717465 1 -0.970782444845
258.956558445 1 0.41842434442
270.474395209 1 -0.276153978969
279.989754005 1 2.26144322307
288.507425944 1 -0.40643101349
300.015476269 1 0.261764332043
