53.6737808856 1 -0.844289636656
61.2076451057 1 -0.328088120994
70.7398057574 1 0.0182462011812
81.2729363648 1 0.120858154316
112.852982153 1 0.053215773417
123.383228036 1 1.92474944569
130.901099162 1 -0.464475769759
141.43369702 1 -0.499241919326
169.033488614 1 2.26733174993
177.567008377 1 1.78278824787
188.099663784 1 0.746820393799
196.631189718 1 -0.528773557624
216.683276785 1 -1.086766549
225.21622804 1 -0.15217214602
234.747697263 1 -1.35849633523
244.266221545 1 -0.359734543549
253.799528152 1 -1.01674568775
264.331071407 1 -0.286997323324
273.852521759 1 -0.871697217832
282.372355425 1 0.883468840864
