43.1456822026 1 1.31278688398
52.6804194388 1 0.475319742486
62.2108100331 1 1.24848181584
70.7464096694 1 -0.420095901237
78.2774143082 1 1.94495799603
87.8115221348 1 -1.43583218054
96.344349631 1 -1.43998227331
107.877459007 1 -1.1877241614
118.406275658 1 0.610947852209
129.939821123 1 -0.859314411179
139.47443013 1 0.0280692429216
149.005184458 1 -0.727203836304
167.054538496 1 -0.597546560424
175.572769165 1 0.479492274012
186.104530045 1 -1.04401170511
196.622701209 1 -0.79503178179
207.154338051 1 0.230735669325
216.67257766 1 -0.0299059719833
224.20454555 1 0.5491345494
234.722910035 1 -1.30634800321
243.254085086 1 0.614187574498
254.772466612 1 0.543691559542
263.304064623 1 2.33508488312
271.830728207 1 0.214273135886
280.361150928 1 -0.732772910366
290.89485619 1 -0.801262263548
300.428038759 1 0.789868781146
