16.5465345456 1 -1.03383250475
24.0652219765 1 2.02229720332
35.5999307174 1 -0.307172980471
44.1303660102 1 0.737120180322
82.2438569706 1 -0.102692759532
91.7764034256 1 -0.496299932792
100.309958947 1 -0.0518545771897
109.843286507 1 0.244652471362
146.977010765 1 -0.794785269003
155.513042021 1 0.679850906181
164.042917186 1 2.02437821609
174.579694067 1 -0.111557774751
212.693278615 1 0.144721605811
222.227292854 1 -1.58718143692
232.746634 1 0.248510463693
241.264176313 1 1.38052676509
282.380418461 1 -1.29664321701
291.911246262 1 -0.6984953475
300.44628605 1 -1.00154201195
