6.01649902432 1 0.895340298589
16.5482886791 1 0.126268547721
27.0657256718 1 2.39302458822
36.5833551471 1 0.172258012601
72.7000509841 1 -0.653580970707
82.2346077504 1 -1.77232362131
89.7544484006 1 0.846005532241
97.2701670184 1 0.228573901736
124.85286454 1 -0.446939217651
133.387818284 1 0.113362895194
143.918016396 1 -0.653739200279
153.44934873 1 -0.494670936988
185.014697957 1 -0.958109755108
196.532877223 1 -0.70243153732
206.064823881 1 1.82674001457
213.582767642 1 -1.42723186776
251.666177685 1 -0.808664097166
262.19838946 1 0.587325276019
272.715867799 1 0.533163211112
282.248282393 1 0.845340622211
301.297949879 1 -0.64971169594
