6.01607159569 1 2.04515950612
14.5390011859 1 -0.284702517633
23.054974026 1 -0.247964287572
31.5732798442 1 0.665418579381
42.0871038079 1 -1.46106183935
50.6045413593 1 -1.05930192136
58.1198940089 1 0.192749744899
67.6380945064 1 0.0790634203443
78.1531242099 1 1.62575134375
88.6713576726 1 1.76913840228
99.1865027538 1 -0.762816835681
109.704596813 1 -0.949697553937
120.21959886 1 -1.20330115028
142.245537072 1 0.870387270032
153.754464324 1 0.685157687433
162.277072924 1 1.11135145686
173.794577244 1 -0.597477248184
182.309141525 1 0.890187348763
192.826180422 1 -1.16988736266
202.34056144 1 -0.505199027425
209.858231144 1 0.703552360892
218.372501812 1 -1.16634305619
225.890331872 1 0.225839587201
235.404469283 1 -0.615318874343
245.922532054 1 -0.840685033353
