6.01647499891 1 1.3919079
17.5328925883 1 -0.322194003714
27.0418083862 1 -0.748426707982
38.5637560081 1 2.32312553729
49.0780462321 1 -0.780226471964
80.6255208413 1 1.05825277496
88.1431992055 1 -0.434852597473
98.6573377342 1 -0.332961492443
106.173525406 1 -0.432534420028
113.689942716 1 0.859438861474
123.207932293 1 -0.557602301934
131.723032117 1 -1.07842672599
139.241786037 1 0.0366066413919
149.756254496 1 -0.680770161258
157.274269774 1 -0.980984555884
166.789389992 1 -0.904171083155
231.391091326 1 2.35859790078
241.912922732 1 -0.457881104268
252.430814252 1 -0.693087405328
259.944413326 1 0.238383040718
270.461853671 1 0.1378063748
