54.5933377007 1 1.71000573515
63.1105903125 1 -0.515707186665
73.6250353048 1 0.229554732576
83.1423284244 1 -0.17344367914
91.6567985596 1 0.457763184734
101.174297292 1 -1.36847252148
109.690101954 1 -1.19476622722
169.790903592 1 0.453508724371
179.30624814 1 -0.282585482023
188.823930416 1 -0.937663534886
196.331572868 1 0.712950606099
205.84091805 1 -0.77266379902
215.363284719 1 -0.396125915732
223.880756632 1 2.76593778365
231.395520939 1 0.514563476888
239.913309652 1 0.109660296686
250.427591496 1 -0.625481048085
260.944750799 1 -0.687035145914
