14.5266278256 1 -0.299018701122
25.0418810212 1 0.471385833485
34.559321925 1 0.392042466309
45.0732168474 1 0.0615161248748
53.5922615863 1 0.0577566255457
62.1066037723 1 2.08787294078
111.689711123 1 1.06172484059
123.206233194 1 1.19015325976
132.723046365 1 -1.24719685754
142.241158024 1 -0.978698170259
160.275456238 1 0.0179217565383
170.796365739 1 -1.04159356657
180.313575608 1 1.52150305324
189.828133464 1 -0.682431733983
198.345372666 1 -0.350919400112
208.859871576 1 1.16453336611
216.377385953 1 -1.58240376059
227.891757193 1 0.189634513288
237.40896315 1 -0.735845176726
245.923484968 1 -1.29793741363
