32.6181388975 1 1.27173402146
40.1495279428 1 -0.415628843605
47.6669180021 1 0.250741514541
57.1998678603 1 0.814714476299
97.3332571598 1 -0.0659222610646
108.867374485 1 0.143625741362
117.400468216 1 -0.771675007011
146.001352686 1 -0.668088570244
157.533109096 1 -1.01704713184
169.064895119 1 2.82526726027
179.582842791 1 0.603567114179
202.621397412 1 -0.982907975313
211.152115702 1 -0.802443641345
219.669467209 1 -1.19274231567
228.201090641 1 0.0422680173459
302.41810258 1 -0.035462399376
