16.5539114608 1 -0.741105977999
24.0852256362 1 -0.286409429118
56.6847713885 1 0.926970351286
64.216636472 1 0.257434609496
74.7506129969 1 2.77128523859
94.8192485358 1 -1.45689049561
145.47269192 1 -0.373511792265
156.006942782 1 -0.333414962017
183.601027226 1 0.93393854033
191.118373983 1 -1.44985303129
200.649223854 1 0.0820371436923
230.199443225 1 0.392059811143
237.730716055 1 1.38544240265
245.247673377 1 -0.0524969459062
254.766202967 1 0.032198854427
271.835296944 1 0.114970759924
282.366816732 1 -0.823264947894
291.90176014 1 -1.27689827191
301.432682087 1 -0.102491857521
