6.01607774172 1 1.61874082056
14.5517089462 1 -0.853789466861
23.0821967596 1 0.841479340123
41.1475626092 1 -1.05623378481
49.6816209881 1 0.132690945449
59.2124865032 1 -1.54763011767
68.7472399425 1 -0.498864493241
105.880331159 1 2.59429348583
114.413935291 1 -0.288760737999
121.947329619 1 -0.429583166692
133.48147516 1 1.25305893795
152.547721289 1 -0.502117486068
163.078539032 1 -0.843185723245
172.613315938 1 -0.427752253569
184.145043574 1 0.000748562857471
211.7349029 1 0.907123582632
221.266978904 1 -1.19932305825
231.800280483 1 -0.0782693569018
240.331071686 1 0.842623366261
267.933188157 1 -0.51039783178
277.463974891 1 1.04408742691
288.995689117 1 -1.05800460988
300.53075349 1 0.0590656184001
