6.01607047823 1 1.48319456189
52.6027310734 1 -0.0865363775623
61.1201577295 1 0.580874048302
69.6346574774 1 1.25566294306
78.1521701781 1 -0.80343612229
87.6664877799 1 -0.883242271934
99.1832101566 1 -0.631777386207
107.70028621 1 -1.13630533374
118.217968205 1 1.50373530807
128.734622696 1 -1.18093895352
137.252158305 1 1.87890310068
147.768813634 1 -0.931686764732
156.282882322 1 0.710741850876
195.333910036 1 -0.487867008743
206.856487067 1 -0.924464386942
214.37406039 1 -0.943413988176
223.888417103 1 -0.295255502196
243.92047872 1 -0.0868077792092
251.436805236 1 1.80036958577
260.952585035 1 -0.464302173086
269.468721583 1 1.29690404211
280.986625954 1 -0.512072380434
290.50038287 1 -0.380878506537
300.017747786 1 -0.761400505428
