6.0164710878 1 -0.119460883395
16.5506373017 1 2.30190024009
55.6836287852 1 -0.210553880307
66.2186286246 1 0.265045466359
73.7510826097 1 0.0869845198464
84.2851666902 1 -0.422975011407
112.874136517 1 -0.812285810305
120.406514794 1 -0.572347149279
129.937365783 1 -0.599206837709
139.472306396 1 -0.154833401799
157.535407154 1 1.46407742012
167.067841863 1 1.10536126494
178.60426842 1 -0.397466104241
187.133109934 1 1.04551323215
216.733114963 1 -1.04867252837
224.268943679 1 -0.783983082389
232.799540724 1 -0.300590921264
273.934987268 1 -1.44139086599
282.46829192 1 2.08828526703
292.001641829 1 -0.603997247487
302.534944804 1 -0.889403686603
