55.8173413101 1 -0.666466156338
64.3526168829 1 -1.08951437994
84.4176810181 1 -1.3124789026
93.9515731748 1 -0.528985589736
124.53810191 1 1.2008046377
132.068711247 1 -0.245900678597
169.199354108 1 -0.955356390994
176.731266125 1 -0.340386074632
188.24930934 1 1.07571942578
197.781046753 1 -1.33937891911
208.299171822 1 1.62387988292
217.830871801 1 1.85261892442
226.348634533 1 0.0771556845228
235.88102622 1 0.207551183983
246.398743974 1 -1.24520481206
254.930526086 1 0.82123365021
264.448668197 1 0.721530380562
273.98092048 1 0.143178133905
