6.01648812908 1 0.956326920905
15.5331917883 1 -1.12947199316
23.0592192583 1 0.332886936034
31.5816152612 1 -0.357725198953
41.090234094 1 0.115277873617
49.6131729033 1 -0.595193960246
59.1311635976 1 -0.672967558611
68.6465316123 1 -0.0497747466417
78.1614590681 1 1.08654717494
193.355827626 1 -0.0829738090322
201.872549165 1 -0.925078401171
211.389926653 1 -1.98755327756
221.907253855 1 0.645421433728
233.422324904 1 1.12645241237
242.940897237 1 -0.800114404671
250.464200618 1 0.117662509487
260.974074079 1 2.16064715117
270.495695123 1 -1.14479180658
282.013415113 1 1.08297942114
291.527732715 1 1.12274359214
301.044503422 1 -1.0013002689
