6.01602438299 1 1
15.5411981132 1 1
25.0552709911 1 1
34.5733368347 1 1
44.088505662 1 1
53.6064776389 1 1
63.1215729932 1 1
72.6399229511 1 1
82.1546819498 1 1
91.6728492029 1 1
100.188214424 1 1
108.706631709 1 1
118.214169957 1 1
125.722775101 1 1
135.247710254 1 1
154.295928114 1 1
164.810168611 1 1
173.327831889 1 1
181.84200925 1 1
192.359370255 1 1
202.873803514 1 1
212.391249167 1 1
223.906275798 1 1
231.422645057 1 1
241.939173554 1 1
252.454335397 1 1
262.970982904 1 1
271.488913535 1 1
281.004263391 1 1
289.52249406 1 1
299.039191294 1 1
