6.01601963378 1 1.07973117247
16.5410123354 1 1.00553485662
27.0546994101 1 -1.02221221346
36.5714368726 1 2.16856017382
47.0863475665 1 -0.906018166556
57.603609956 1 -0.328089398669
69.1179021356 1 -0.179592660456
77.6363574141 1 -0.327856861704
108.184837738 1 1.99641277312
117.702990464 1 -0.182966878724
127.218025755 1 -1.16696306346
135.737675878 1 -1.21100351978
146.250996146 1 -0.673071108386
155.768182269 1 0.109593314668
190.835717389 1 -0.402734248136
199.358749227 1 1.44234531311
208.872997266 1 -1.10866244855
219.390223618 1 0.223808851525
228.904679785 1 -0.818388219925
237.422116219 1 -0.32761508165
302.035892551 1 0.62918741412
