26.0591879694 1 -0.477844021229
33.5827584232 1 2.25634371752
44.0916501958 1 -0.897354472998
54.6143523828 1 -1.07628861257
63.1321162326 1 0.387677207543
74.6414678402 1 -0.538486216888
84.1637006938 1 1.73880886262
93.6779610258 1 1.29486866472
103.194051199 1 -0.156075939794
113.712559278 1 -1.19293326043
123.225597946 1 1.74147952144
132.744258837 1 0.0348958084507
143.257394166 1 0.0393816733509
199.356131017 1 -0.909148401598
210.874301622 1 -1.19071347993
219.389358424 1 0.988347191951
227.907400801 1 -0.744262582119
236.422599241 1 -0.713703416799
246.940968475 1 0.331786539457
257.448034038 1 -0.505309712419
266.955730128 1 0.611325471766
277.463149646 1 0.0115235683582
286.980561775 1 -1.03431811041
