40.0903910972 1 -1.07763371249
49.6081527121 1 -0.808588917812
59.1233698696 1 -0.927283447015
67.6415466211 1 -0.384448901713
78.156705112 1 -0.351740819782
85.6743848729 1 -0.821191150872
154.276814511 1 1.49821221689
164.794171326 1 -0.17169519927
174.310084103 1 -0.747722586408
183.824266771 1 -0.683990378853
195.341872501 1 -0.232577282839
205.856078356 1 2.28610254745
216.373788847 1 0.434767894231
225.888754297 1 1.95342666389
234.408416153 1 0.462530815397
242.924344854 1 -0.59703237924
252.439028703 1 -0.866512644816
280.989164545 1 1.52787098628
290.507341576 1 -0.335575550624
301.015327088 1 -0.156918152398
