14.5421359419 1 1.11989536539
24.0754213175 1 -1.73576175706
34.6105074807 1 -0.700394130116
42.1410785449 1 -0.811109486535
82.2539551815 1 2.04449461444
92.7873780047 1 1.73376017845
101.319560168 1 -0.695230999983
110.852373696 1 -0.0400721381057
175.548076082 1 0.0811175508121
185.066104491 1 -0.230744561937
195.59966113 1 -1.27286790378
207.131273947 1 -0.922226383807
230.181232252 1 -0.0350971696154
238.699222387 1 -0.616586537971
248.231038023 1 -0.150270858179
273.806174248 1 1.15482424791
283.338854519 1 1.1931691375
291.870615399 1 0.269473193784
300.403278908 1 -0.386372361187
