6.01648533543 1 1.07074597515
13.5620895952 1 2.42185846039
25.0966891043 1 -0.719792223416
35.6266640034 1 -0.0694933606338
51.6717149805 1 1.39174032382
60.2020692574 1 0.919236920629
69.7453193073 1 -0.247448035007
79.2800685562 1 -0.530492909788
87.796226336 1 0.310807314755
98.3071362422 1 -0.268020555528
105.824728283 1 -0.325592427588
115.339745973 1 2.3668471751
167.924893806 1 -0.787143827338
177.464864389 1 -1.09438840746
184.977862829 1 -0.738472953138
195.513463583 1 -0.671910378153
203.023405209 1 -1.20980173646
212.553347702 1 -0.196803649136
221.062226065 1 -0.212950093074
231.577789077 1 0.0396326288612
242.110282731 1 -0.884985763722
252.632025579 1 -0.563572478276
