13.5477271553 1 0.761287280448
22.0660083893 1 0.0972011280153
31.5833470455 1 0.247140988712
41.1154378559 1 0.19962146642
80.2148256273 1 -0.407346762394
87.7352691473 1 1.71076929834
97.2663229545 1 0.298067327361
107.802167594 1 1.62653281047
143.921839508 1 0.442194610344
153.456324477 1 1.60276072736
160.985657674 1 -0.415173347287
171.51799684 1 1.20792439125
222.183523884 1 -0.718994404222
232.716385183 1 -0.362847401095
244.247457149 1 -1.06577754866
253.766220288 1 -1.1741345344
264.299967454 1 -1.93601560704
275.835107535 1 -0.318861314202
284.36664185 1 -0.415322060882
291.900236483 1 -1.37902704855
