6.01659233227 1 0.1609245295
15.5508258731 1 -0.921170815909
26.0864931157 1 0.142643707175
35.6072794168 1 0.206457431503
44.1422166784 1 -1.62932317167
52.6724997171 1 0.817394975799
70.7376219603 1 -0.733145408069
79.2699848724 1 -0.756220038042
88.8049212959 1 -0.125194344489
98.334607052 1 2.11078885387
106.867712237 1 -1.01461619482
118.400701206 1 1.54550866469
128.934717401 1 -0.19421658888
137.466700377 1 0.935422994024
147.001198476 1 -0.0765536593694
155.534004461 1 -0.263842194542
164.066805418 1 0.0422813348551
184.135288144 1 -1.81654948029
194.665905304 1 -0.731996973697
204.201093156 1 0.0172343594363
214.732609312 1 -0.144715365659
223.265931843 1 0.91257679063
233.80080513 1 -0.640402243987
280.454002674 1 2.15671283794
