33.6006087366 1 1.17103662902
41.1352364616 1 -0.338007304013
49.6673043641 1 -0.893960156265
59.2021435685 1 -0.166710432939
86.8031506798 1 1.78266314558
97.3227454886 1 0.00930937272589
107.856759448 1 -0.596849355595
119.388688227 1 -0.681609807363
159.518781018 1 -1.49890101644
168.052049073 1 -1.3284485051
175.585165992 1 -0.379828709378
186.118330123 1 -0.166711153985
212.71699364 1 2.33145372162
224.252725696 1 1.37875489677
234.782674893 1 -0.548427378772
245.316603647 1 -0.119839453403
265.383315477 1 -0.507300352959
272.919616599 1 0.281877497983
283.441957288 1 0.995891467564
291.974488098 1 -0.724393105043
