14.5507926287 1 1.40205387457
24.0732757934 1 0.283009373835
33.603384229 1 0.152501638764
41.1360468998 1 0.152763009393
59.2038152894 1 0.237356381454
70.7333309122 1 -0.488086248932
81.2684642881 1 -0.401358093852
91.8007581969 1 -0.765520406788
121.401668648 1 1.38714575524
130.934032119 1 0.56419573767
141.469161583 1 -1.45878216313
150.001060191 1 -0.491836148687
179.582950626 1 0.383235784303
188.116302212 1 -1.03628346378
196.648048565 1 2.26771108382
204.164402459 1 0.70920877375
226.205478071 1 -1.50150242331
235.736508411 1 0.475107559558
244.270898396 1 -1.22651976818
254.801815594 1 -0.44267771497
282.402066464 1 -0.174350017213
291.935216906 1 -1.45865609023
301.46827879 1 1.43128356673
