6.01647723384 1 -0.594972254514
17.5348051219 1 -1.54602841291
28.0691532024 1 0.288879861729
37.6009263747 1 0.338292597913
46.1326045629 1 0.719294526464
55.6487223935 1 -1.68546469851
64.1647874241 1 -0.740076636786
89.7334809312 1 -1.31233925707
99.2663548021 1 -0.744941107151
108.801287873 1 1.89302082662
119.334196385 1 0.148136101424
137.398395047 1 -0.269775688073
145.916805628 1 0.52743348793
154.447821162 1 1.24170858566
174.488667135 1 -0.0358302576928
185.021805565 1 -0.32073872699
195.552660464 1 0.0609284079897
204.071601279 1 0.996270349705
241.165789786 1 -1.35461506383
250.683641915 1 -0.416866988972
260.214307964 1 1.80747733575
270.732674963 1 1.00020701133
