69.6403366908 1 -0.68339015051
77.1561444262 1 1.54515178945
85.6712529106 1 -0.230077094576
93.1892693066 1 -1.13184917913
104.704754934 1 -0.770363670771
115.26980999 1 -0.250780999322
184.958319284 1 1.95199635794
192.475843718 1 -0.36704686996
202.990076951 1 0.242445419984
214.507512268 1 0.577554689936
224.021758631 1 -1.287335681
235.539161262 1 1.5223319783
253.570396517 1 1.47974045285
262.088602602 1 -1.10975905589
270.603652978 1 -0.319997648978
282.121967177 1 0.307604476892
291.637350836 1 -0.478123471641
301.155955017 1 -0.998101343575
