36.6028134861 1 -0.22868485758
48.1318187088 1 0.622867250763
57.6498225333 1 -0.567527807183
65.1831310963 1 -0.960416804241
84.2502644889 1 -0.668031250386
95.7837677694 1 -0.322676758744
105.318108028 1 -1.56152435093
114.849316882 1 -1.01149831453
133.916469272 1 0.765780643101
143.45110007 1 -1.79081282221
152.971266739 1 0.272453658012
162.504255988 1 -0.223014289629
181.552921111 1 -0.520236894272
190.083204988 1 0.0799725086849
199.60117948 1 0.617416247453
220.664398688 1 2.1059593958
230.182413407 1 2.05198460332
239.714130427 1 -0.958123389253
248.232313045 1 1.40986320726
274.814748243 1 0.621341897796
283.33347283 1 -0.521739047964
292.866005037 1 0.71630319765
302.40046654 1 0.0703439770698
