17.5306761055 1 -1.25222573148
29.0463201329 1 -0.923380800352
37.5633257858 1 0.540589658733
46.0781021052 1 0.929655582093
56.5939520246 1 1.34794380561
66.1098762552 1 0.989253885364
75.6259147461 1 -0.14659151725
84.1432383166 1 1.73364229887
91.6593776583 1 0.807048463164
101.175202156 1 -2.08984166342
109.689565853 1 -0.534421079814
118.207801271 1 -0.537371213089
127.72300027 1 0.570978185815
137.241252729 1 0.627872325435
145.75616901 1 -0.355339121884
156.275448416 1 -0.419933465118
167.789184659 1 -1.46077696111
176.307371188 1 1.88367679051
186.822305069 1 -0.504239447813
196.341543408 1 -0.67046936469
205.866382739 1 0.462555652395
215.388849141 1 0.511895366841
225.907107747 1 -1.24075082008
281.01067957 1 -0.657615319792
289.526936803 1 0.387844491052
