23.0561557405 1 1
32.5720671203 1 1
43.0885118081 1 1
51.6052096007 1 1
61.1216464662 1 1
70.6387300621 1 1
79.1550476387 1 1
87.6649906622 1 1
96.1881736366 1 1
106.705149397 1 1
114.22961354 1 1
123.745403396 1 1
132.255195004 1 1
142.771346079 1 1
152.293058196 1 1
159.809162338 1 1
168.32496281 1 1
179.840710481 1 1
190.356672985 1 1
199.872646104 1 1
210.388409421 1 1
217.904447912 1 1
238.937827014 1 1
246.454653315 1 1
254.971347476 1 1
266.487949446 1 1
278.004191594 1 1
286.521750111 1 1
296.037554773 1 1
305.554333861 1 1
