26.0840936488 1 0.153485347355
34.6196170184 1 -0.534657733278
42.1505884128 1 -0.368420464007
52.6863836046 1 0.830486204019
87.7996750984 1 -1.00932792062
95.3337337567 1 0.313967035196
105.865199348 1 -0.645232356311
116.385308747 1 -0.394780744274
155.505708686 1 -0.290993789059
167.035027916 1 -1.04666682607
176.552294496 1 1.11881531843
185.083683541 1 -0.524829012551
213.665903348 1 -0.246345450025
224.199611124 1 -1.41201934097
234.731018328 1 0.600605628477
249.783946284 1 -0.852485128296
260.316152751 1 -0.28758649022
269.848105835 1 2.96900147345
279.367379374 1 1.55683196492
300.434182277 1 0.0701522838268
