28.0448897835 1 -0.0732952838369
37.5621108269 1 0.157574999395
47.0775523146 1 0.67475267765
58.5921288879 1 1.05324636597
67.1096536012 1 0.110865788743
75.6241052983 1 0.068214658942
84.140132894 1 1.00621398709
93.6564457215 1 -1.3858300792
104.174934803 1 -1.57830624677
112.689941878 1 2.50739882688
124.207902401 1 -0.639283945713
160.274581825 1 -0.498983328314
169.790887948 1 -1.76190354413
179.307932991 1 0.418552610023
188.816397335 1 0.36812971675
198.341092793 1 0.180181049596
206.86471437 1 1.77993534495
265.958990877 1 -0.0731443147422
274.476327299 1 -0.639809978696
283.99122151 1 -0.730536904001
292.506894871 1 -0.542331903888
301.022877768 1 -0.401640496688
