17.5404469004 1 1
26.056939639 1 1
37.5746769492 1 1
46.0909503862 1 1
55.6080736518 1 1
66.1233352284 1 1
73.6414119672 1 1
83.1581835122 1 1
90.6681533547 1 1
101.189880837 1 1
109.708076026 1 1
118.230853363 1 1
126.74818252 1 1
137.264231627 1 1
147.780195248 1 1
155.297215428 1 1
163.810048763 1 1
173.327471788 1 1
183.841799447 1 1
195.358677709 1 1
204.873288924 1 1
213.390770056 1 1
232.423763355 1 1
241.938823789 1 1
250.457441099 1 1
259.973685762 1 1
271.491011846 1 1
282.005952433 1 1
290.524046771 1 1
299.039170062 1 1
