27.0675800975 1 -0.355316025225
38.5984520379 1 2.00923575446
49.1172632276 1 1.96241417622
57.6502734286 1 0.183836477246
85.2414597386 1 0.84003148098
96.7715609107 1 0.0181371278245
104.306372458 1 1.54389495057
111.837579357 1 0.34772483284
121.370614422 1 -0.853354597315
129.903704242 1 -0.771757913955
139.435054176 1 -1.26526518659
149.967936707 1 0.099085987252
159.499518794 1 -0.394913048898
169.032869261 1 -1.01579193827
178.564737976 1 0.31186840279
186.08279963 1 -1.13994108182
205.132689769 1 -0.312320353604
215.66440204 1 0.353724486936
225.183421357 1 -0.107792491126
234.714316764 1 -1.17743510534
253.764139576 1 1.3880052091
264.282366893 1 0.101236152326
272.815847824 1 -1.38857160417
282.347422368 1 -1.34287088615
291.86734599 1 0.966135193931
