6.01602410362 1 0.277934191763
14.5389419605 1 1.24549865027
23.0572530866 1 -0.413068902074
33.570667501 1 0.418490703063
42.087131465 1 -0.684410470848
52.6038432259 1 0.234557605612
79.1554583055 1 -0.166850554033
88.6705855074 1 0.295463954988
100.187025446 1 -0.439497071789
109.703833308 1 -0.868777010608
118.22308366 1 0.125742527374
129.738201922 1 -0.026305340988
139.247333949 1 -0.428071963613
148.770177495 1 -0.149218592929
160.29569233 1 1.56619717938
169.803195099 1 -1.04018341957
179.327464803 1 1.51785654885
187.843112463 1 0.233427266097
196.357534268 1 -1.08271828537
204.873501241 1 -0.745681959414
212.392048151 1 2.92601666666
220.907173956 1 -1.26951651872
231.421599673 1 1.91917894445
249.453354546 1 -1.328040476
259.969872707 1 -0.92996016733
268.48795671 1 -0.350501708549
279.004853969 1 -0.871860921905
290.521255634 1 0.354018725693
300.037747535 1 -0.319719600443
