14.5454176439 1 1.18994806962
24.0659276528 1 -1.18275143889
33.6002712635 1 -1.22744131452
45.1318944168 1 -0.985394919757
81.2607864966 1 -0.581072360426
88.7949426533 1 -0.784663895949
98.3261431271 1 0.300137021879
107.861928821 1 -0.425810924855
134.460887347 1 2.77835203693
142.99476386 1 -0.425541179196
152.526425286 1 -0.461715949656
163.059298877 1 -0.541062773133
174.594114615 1 -0.384257345647
185.126500714 1 1.09912699086
193.660280566 1 0.177268549572
201.192012951 1 0.94164652818
221.259398331 1 2.10064360385
230.793129853 1 -0.502452910803
240.315611342 1 -0.103380997526
249.84825753 1 -0.22331783121
281.446858749 1 -0.346180935471
291.979370562 1 0.454335579123
301.511965627 1 -0.866413602969
