6.0160875195 1 1.76414430438
13.5510328827 1 3.66575404616
23.0802213689 1 0.169596683516
33.5975932695 1 -0.66148380099
51.6479505077 1 -1.02589530208
63.1802550324 1 -0.0942521438019
72.7123011444 1 -0.193540252452
80.2293182513 1 -0.556313150386
108.814425018 1 0.779165695071
116.345186609 1 -0.399489751447
125.861943627 1 0.580769334989
136.379802182 1 0.0611358560911
172.496666476 1 -0.352642131183
183.028142124 1 0.581539781082
192.551752807 1 -0.198166387895
204.083828531 1 -0.300297624306
232.680286461 1 -0.296453176013
242.197605562 1 -0.404047575774
253.729984956 1 0.00872390275007
263.264083005 1 -0.562359120345
281.330966366 1 -0.717965888845
291.864060376 1 -0.717360600153
302.39738626 1 -1.13056269837
