31.5619909793 1 -0.408438677678
41.0796659911 1 -0.455847677235
52.593574323 1 -0.666950194872
63.1109895252 1 -0.153052734338
74.6250950889 1 -0.666874932153
85.1440521072 1 1.05406863988
94.6568161596 1 -0.148808351222
104.174959946 1 -0.628095816432
112.69011285 1 -0.451583754754
120.207839264 1 -0.324877520746
148.757325582 1 0.669189570894
159.274452479 1 0.279417701543
167.789554259 1 -1.09835320278
176.307825436 1 0.883484240963
184.822575495 1 -0.579541231457
194.339151205 1 -0.23401226172
205.855796477 1 3.45681428434
274.460719449 1 1.31438863334
283.976481089 1 -0.800633427621
292.492610374 1 -0.282992370525
302.008472585 1 -0.757300917432
