6.016525564 1 0.338749865864
13.5423734022 1 -0.90241325816
24.0657144972 1 -0.243794407184
34.5734960728 1 -0.682184584242
43.0821682644 1 3.22567964865
54.589973586 1 2.19948147291
65.1133747446 1 1.37947883812
73.628099102 1 -0.370527217875
83.1455461518 1 -0.300944302961
93.6612248205 1 -0.483223222811
103.177204365 1 0.758158432435
113.694736901 1 -0.377545926824
123.207549842 1 0.542064100058
132.723504524 1 0.142071757911
142.239828526 1 1.05346146013
163.272934689 1 0.0312060285506
172.791056405 1 -0.811990299088
180.306497614 1 -0.553740863755
189.82415307 1 0.503057193519
198.339427497 1 -0.589477759555
244.907916788 1 -1.05048194018
253.430591877 1 -0.97235794327
264.940879916 1 -0.760968459761
274.462230256 1 -0.626967190126
283.979547401 1 0.10025516411
291.494115872 1 -0.809079610004
301.011574655 1 -0.737966976462
