14.5505425969 1 -0.681879484368
24.071250117 1 -0.432595292886
34.6061608389 1 0.229074532021
44.1355202966 1 -0.496708648814
85.2669283386 1 -1.1018992414
92.802083505 1 -1.37804919946
102.333504677 1 2.32319614272
109.869216339 1 0.432947957436
141.469249304 1 -0.105087786727
148.999917867 1 1.31580250042
159.534279915 1 0.30405598938
171.067153228 1 -0.298703210233
199.668730802 1 -0.681769171174
207.189297802 1 2.52323224469
216.724639305 1 0.29597048214
228.254635994 1 -0.43293186067
261.385846246 1 -0.838193287558
271.918703634 1 -0.772569316165
282.450776845 1 -0.0995293522525
293.985028823 1 -0.104363997099
