6.01648840844 1 0.418006352741
16.5306498452 1 0.869416190415
26.0465807805 1 2.40639289178
72.6284798766 1 -0.932664131958
83.1432598277 1 -0.814751444846
130.723330759 1 0.782331077264
139.241162215 1 0.142237800002
150.756201137 1 -0.435055470588
158.274314752 1 -1.01766224757
168.7893777 1 -1.39198832323
177.309296852 1 -0.362972141042
185.822970517 1 0.782626164009
259.961880351 1 1.24509810954
270.478300175 1 0.721933572752
280.992699631 1 -0.638578323173
291.510048624 1 -1.16329704847
301.0253454 1 -0.611073027627
