82.1482842093 1 1.39368872417
90.6640595383 1 0.172009799113
99.1801301562 1 -0.651141679554
107.696350234 1 1.05776442943
115.2133503 1 1.53080723288
122.726776168 1 -0.933239510798
131.244453136 1 -0.683236022785
140.75861122 1 -0.994765475205
150.276280645 1 -0.778251898194
171.30786762 1 1.24824138238
181.822838377 1 -0.426436703654
191.340849186 1 0.0141567622991
201.856087575 1 -1.31284560586
212.374109559 1 -1.37876787397
222.890745891 1 -1.25214053241
231.407433347 1 1.88338176482
242.924328371 1 -0.651269562371
252.441857834 1 0.252855621145
261.967288301 1 0.0901048314414
290.541957148 1 0.373364220779
300.064139995 1 1.04572009634
