34.6026522924 1 -0.613679804958
43.1357390395 1 1.06522176803
52.6681248594 1 -0.431712365623
62.2026813464 1 0.659428048338
70.7320064422 1 1.76338641618
81.2513528954 1 1.09990823603
88.7832361375 1 -0.723109918042
98.3177881546 1 -0.105014322484
107.848404476 1 -1.01223136237
118.364777926 1 -1.4864730047
125.883127604 1 1.68711536656
144.931164994 1 -1.34016602153
185.03291843 1 -1.49057465197
194.564365303 1 0.229951294766
204.082283642 1 -0.503362021887
215.602648381 1 -0.46390601154
250.701747848 1 1.43075077943
261.235719624 1 0.514468486917
269.766433443 1 0.00733775519021
278.300214692 1 -0.287338666348
