6.01608025601 1 -0.091469568691
34.5707817614 1 -0.134200164095
44.089161332 1 -1.10196304812
51.6029417147 1 -1.12795180419
62.1187310119 1 -1.549301886
69.6363931729 1 0.765655280458
77.1511334541 1 2.12308046271
87.6690151961 1 -0.0767940936093
96.1842069313 1 1.52130978838
106.703223454 1 -1.01172575539
116.217175926 1 0.408005732478
135.250690521 1 0.859119532691
145.768738485 1 -1.10023123807
155.283816798 1 -0.103975739816
165.801867835 1 0.272176220083
173.309834071 1 0.149943333734
183.818389488 1 -0.813877058532
194.3409045 1 -0.5550345379
203.85827249 1 1.56723454388
