6.01655154496 1 0.434105412376
14.5401412749 1 -0.178995179176
25.0593634107 1 -1.02183900859
33.5823569755 1 0.58523063368
45.0900689892 1 0.511489623356
53.5984551109 1 0.810431764368
64.108338909 1 -0.167715028699
72.629402899 1 -0.0671282617998
170.791163961 1 0.377568196473
180.308048649 1 -0.74332633434
188.824182962 1 1.94662523401
199.33949231 1 0.119650247543
207.857405341 1 -0.592746341163
216.372526955 1 -1.00005054036
223.892551148 1 1.81784184681
232.405932598 1 -1.1871839801
242.922684587 1 -0.627332960157
251.439548322 1 -2.08427832233
261.957631207 1 1.06765299811
