6.01648896717 1 2.28402662538
32.5996041396 1 -0.239607068435
41.1185441166 1 -0.585452050492
51.6513556891 1 0.0454875127086
60.1846511219 1 0.150532458394
82.251510178 1 2.88094312958
140.452492146 1 -0.481977074788
148.986254119 1 -0.771576902076
158.51619298 1 -0.634953860534
169.049915841 1 -0.714385892128
208.153200477 1 -0.214998107709
215.684684227 1 -0.160528467139
225.202299734 1 0.0467951608302
234.732983382 1 0.049761686725
265.315974516 1 -0.320124918943
274.849218546 1 -0.950183327111
292.918235418 1 -0.954022645401
302.450692476 1 0.570263741141
