47.1290929434 1 -0.476429700273
54.6493808571 1 -0.447991878377
65.1822483025 1 0.718775918594
72.7150922813 1 -0.118511433571
81.2485983554 1 -0.410056054756
89.7807425245 1 0.284637913534
100.31512385 1 -1.32078330189
109.846696438 1 -0.624822159845
147.980169826 1 3.27248524343
156.514417894 1 0.428932668956
167.045543777 1 -0.440716163588
177.563119894 1 -1.13495700274
215.649734813 1 0.320961525706
223.182169242 1 -0.15200512613
233.713113818 1 0.324946252822
244.230247699 1 -0.224466701872
