6.01606964013 1 1
16.5413316497 1 1
28.0566943564 1 1
36.5707236534 1 1
45.0884576112 1 1
55.6025503241 1 1
65.1200339708 1 1
75.6347331854 1 1
84.1531507496 1 1
93.668050269 1 1
101.186292951 1 1
109.701883619 1 1
117.218056764 1 1
124.736074278 1 1
134.252731004 1 1
143.767774675 1 1
153.285931033 1 1
162.793917663 1 1
174.317749602 1 1
184.825172752 1 1
193.342758926 1 1
202.856865887 1 1
211.374460721 1 1
222.888571313 1 1
232.40443967 1 1
239.921194733 1 1
250.440076602 1 1
260.952676667 1 1
270.470335196 1 1
281.984478754 1 1
292.501019543 1 1
302.018891787 1 1
