24.0672795006 1 -0.996877490355
34.6024483559 1 -1.15956295558
44.1365888681 1 -1.23941843246
53.6684221039 1 0.377790267172
84.254935753 1 2.45665239567
93.7884613827 1 0.151177229572
103.32255133 1 -1.00605682751
112.853046965 1 1.8413591527
151.98466509 1 0.300796182844
160.515231964 1 1.00352772158
169.031490874 1 -0.75859393025
177.549601695 1 -0.227908441122
215.647705504 1 0.163692287129
225.166380364 1 -0.766057203107
232.699217917 1 -0.456483062293
242.231355102 1 -1.29525029479
252.749180692 1 0.156169883991
262.281863756 1 -0.0709161959461
271.801125283 1 0.990663023917
282.333368068 1 0.535296688839
