15.5425700752 1 -0.163429344118
24.0585518551 1 0.720954405133
34.5728915267 1 2.13463084183
43.0915331418 1 0.594109914833
53.6066678866 1 0.646777163362
62.1233371839 1 -0.210184449698
70.6409440306 1 0.532334907463
80.166154637 1 -0.30027132982
99.2157997734 1 -0.501529226544
110.729239051 1 1.3516107284
120.24468026 1 0.747423010788
128.762421202 1 -0.842964987241
139.276808086 1 -1.14319698996
149.794015999 1 1.85372969608
161.309512801 1 1.14844281323
172.82505961 1 -1.32108683963
183.339525554 1 -1.29389326347
192.85725141 1 0.241776360291
265.990719212 1 -1.1198585163
275.505876585 1 -0.739597965539
285.022716016 1 -0.424008501887
294.531117223 1 -0.878671474672
302.040822227 1 -1.03309695253
