93.6578489724 1 -0.312132766898
103.173693025 1 -0.278882061001
111.69019638 1 -0.412359329078
121.207583925 1 -0.912765699008
130.725003317 1 0.0169940830076
141.241337377 1 -0.213400342819
152.756539169 1 -1.40982196598
179.307529309 1 -0.414216408975
187.822447546 1 -0.676868050285
198.340740513 1 1.50092356167
207.848151092 1 -0.428921961642
218.357408553 1 0.366986460261
228.879749521 1 0.520195829266
240.396985371 1 -0.746531125178
248.914701449 1 0.502249446373
257.428942785 1 3.07809004668
265.944118317 1 -0.179539716394
