25.0753296858 1 -0.586581782044
32.6113181983 1 -0.0117956437767
41.1420566022 1 -0.418325119091
50.674781292 1 0.0944029707322
81.2702673105 1 0.0985907507316
89.7881775477 1 0.0946162877419
101.321595063 1 0.537223863404
111.852507232 1 -0.280538383327
163.516679354 1 -0.588790071904
173.048096895 1 -0.277047897658
181.564813684 1 -1.20091184874
193.081196353 1 -0.480193361273
213.132793693 1 2.66183553113
221.66635117 1 -0.0754323528391
238.714638592 1 -0.106366760662
246.231814658 1 -1.23637809626
255.749219803 1 -0.416931103853
266.283230411 1 -0.281569415575
276.817524853 1 -0.578373090984
285.338155548 1 1.39613507708
293.872535197 1 2.62404114627
302.40509115 1 -0.967610699101
