27.0572656581 1 1.22139320377
37.5703898121 1 -1.40572563212
47.0881064493 1 1.97504894345
56.6023782352 1 -0.246694798937
68.1196274946 1 -0.782223002664
77.6339467726 1 -0.873297087374
86.1501531619 1 1.4763652373
95.6678569483 1 -0.625674202952
105.185265725 1 0.751733147432
114.701175708 1 -0.907823537996
123.217679342 1 1.06674380532
222.890161738 1 -0.229956325248
232.404330439 1 -0.99796157927
240.922176981 1 -0.374793025916
251.436203763 1 0.00458138632116
260.955174191 1 0.656850805196
270.468407856 1 -1.09290012613
278.984249674 1 -1.09266742846
289.500421422 1 1.44481342975
299.017655037 1 0.0321867885198
