32.6029746797 1 -1.45523901877
44.1326816676 1 -0.456547096282
52.6509263049 1 0.141241656424
60.1848796425 1 0.85189253157
122.366833215 1 2.39403211678
129.888971643 1 -0.295633098088
140.423973997 1 -0.961775122553
147.954151156 1 -0.295515456803
165.001058514 1 1.19043570241
174.519001158 1 -0.515958710125
186.049393708 1 -1.49612856133
196.566764212 1 -1.06258268796
225.149531295 1 0.692185275757
234.681269826 1 -0.563794603843
245.199541562 1 0.746756133909
255.731044029 1 -0.563250512823
291.850384616 1 0.743465853796
300.384134576 1 0.906415597931
