6.01602661791 1 -0.633261374591
57.6571759819 1 -0.783415179407
65.1766487081 1 0.900476043303
75.6967103361 1 -0.596361214874
86.2276442956 1 0.79711778994
132.874898067 1 -0.595339032494
143.407100064 1 0.373744417013
152.939642329 1 1.64078299937
160.473632822 1 0.397777569655
170.004876877 1 0.450304004355
199.586157459 1 1.14872146807
209.102744343 1 1.29781978109
218.620854326 1 -0.641710305365
227.152805454 1 0.676839607535
238.672386295 1 -1.68713016919
247.202728838 1 -1.75750794717
293.828492169 1 0.323523409574
302.359004846 1 -1.31238186681
