6.01612467506 1 0.199966569399
16.541768018 1 1.10071532279
24.0581481725 1 0.535774256293
82.1578183819 1 3.01268768266
93.6735221935 1 0.268149858824
102.191167593 1 -1.17257964428
111.714595011 1 -0.954604670693
121.224156143 1 -0.985990987464
130.747878851 1 -0.363735777298
141.262165722 1 0.0533757011038
152.77936721 1 -0.0295508359001
160.293752698 1 0.053932560931
169.811155049 1 0.993707080097
248.940578481 1 0.804861651805
266.972120758 1 -0.565329414832
275.488768824 1 -0.780792201487
284.006995302 1 -0.00237030001154
292.52212446 1 -1.10398389951
302.041189313 1 -1.06423295243
