6.0164847767 1 2.14307415797
24.0590390678 1 -0.0041000150996
33.5732954887 1 -1.18394561751
42.0901103353 1 -0.673802784886
51.6068064517 1 -0.349097080134
101.191444164 1 -0.131280800413
109.714042986 1 -0.418862216597
118.231269896 1 1.79710924525
128.745974698 1 -1.02215134819
137.2635483 1 -1.39549324616
147.777811705 1 0.972657001855
156.296102158 1 -1.00223483931
166.810677335 1 -0.722148507145
175.326522784 1 0.971504450414
185.841100475 1 0.13803983025
197.358143842 1 -0.698862612903
206.874001305 1 1.64438334711
214.390901078 1 -0.258243440867
291.522884054 1 0.485581529776
300.040959675 1 -0.292127053412
