6.01647080844 1 2.02335663639
14.5515877018 1 -0.670093993742
23.0820601501 1 1.79350558252
69.7066269596 1 -0.940339621085
107.818250923 1 -0.328734275547
151.481738042 1 -0.763522389377
200.11506211 1 -0.593273158636
209.633314011 1 -0.498233274121
220.164705849 1 -0.909628675455
229.680997725 1 -1.1523798041
241.197894425 1 -0.470711427454
250.716124535 1 1.59795091463
260.239600005 1 -0.596941051049
271.773578765 1 -0.16095085142
283.303551429 1 -0.157391126314
290.836715281 1 1.08362349658
302.368542371 1 0.743763018188
