23.0674979641 1 0.252505046691
32.6020097526 1 1.20050102482
43.1354423537 1 -0.764142827629
50.669058777 1 1.55600612633
87.7905555036 1 -1.11661396061
97.3245376158 1 0.664052268145
106.855740045 1 0.490169249609
116.388384278 1 -0.343347040217
134.455440845 1 1.01889390718
143.988125865 1 -0.766992224108
151.522543228 1 -1.96341945213
161.051369937 1 -0.700224960232
170.58413709 1 -0.8199125789
180.118470085 1 -0.46781657667
190.651705175 1 1.67563787457
199.184460595 1 -0.941293273791
230.784153852 1 -0.286407001244
242.317986783 1 0.00981349488504
253.850059435 1 -0.997725489713
262.38504363 1 1.43656493639
300.518808955 1 0.863751456615
