6.01649651003 1 0.233448372476
17.5401306591 1 -0.790516397254
26.0571256961 1 -0.583235855635
33.5756614318 1 0.727229475051
43.0988262475 1 -0.362652275427
51.6082443439 1 -0.832238000354
59.1309046261 1 0.741801646616
81.1625804397 1 0.0403629632495
90.6799308292 1 1.206859854
101.194119364 1 -0.972282794938
110.71185444 1 -0.0920835780309
122.225771432 1 -0.478826921275
177.322734593 1 0.0408775825205
185.839165872 1 0.820430419803
196.355852769 1 -0.2965620134
204.873804632 1 -0.740169043841
215.390591821 1 -1.13003667461
242.941300361 1 2.0790062808
253.45022454 1 -0.132292670696
262.973855057 1 3.09078432648
270.498617562 1 -0.961039539537
280.006550274 1 -0.208837279408
289.529277324 1 -0.635207612156
301.04487358 1 -0.76482026444
