36.5596141409 1 -0.877790983702
46.0738795014 1 -0.495888812487
55.5916726846 1 -1.04049273907
66.106495658 1 -0.793706702727
76.6249302635 1 -0.0108616337088
125.206339912 1 1.0213666362
133.722957806 1 0.316945128408
143.241385707 1 3.01170067187
150.748939041 1 -0.456865949592
158.257948985 1 -0.593156008309
235.394606577 1 1.66687169994
244.908478033 1 -1.03893235134
254.425558835 1 0.340720151296
261.939823916 1 -0.333601677049
271.457635258 1 0.0428636601157
280.972509076 1 0.0998777571718
290.490558716 1 -0.552611812778
299.005727264 1 -0.306437034236
