25.0825747406 1 -1.45984894707
35.6155290686 1 -0.607638862546
46.1464390027 1 0.431037712487
54.6794064609 1 0.430485616412
100.341136373 1 -0.633576141964
110.876550791 1 -0.54755334293
120.406536306 1 0.310225710671
130.941162634 1 1.13125028334
176.58822923 1 -1.08957481171
186.104811924 1 -1.24185016095
196.622651482 1 -0.634944380072
213.672922397 1 -0.968614698997
225.204608128 1 1.50067201506
232.722808904 1 0.979636325786
252.771217292 1 -0.327808891348
263.287601078 1 0.282039188779
274.813032941 1 1.43326164634
284.344081999 1 1.92321754428
302.409554008 1 -0.910415805565
