34.6194890691 1 -0.803309212881
44.1502604381 1 -1.24161043346
51.6850395791 1 0.63488362751
61.2170552403 1 -0.400612362845
71.7503788889 1 -0.00458510833675
80.2837427662 1 -0.697863712625
89.8186601928 1 -0.0591468311623
99.3489555237 1 1.0389439397
124.923197781 1 -0.352914423078
135.457444172 1 -0.804071025567
146.987852925 1 0.192334346749
155.521081869 1 0.784720899951
180.117635342 1 -0.00309135793019
189.650444959 1 -1.09290343217
201.180989204 1 -0.391678905615
210.699341117 1 0.986973043959
242.299245854 1 1.92759098825
253.831007852 1 -0.39480250366
261.349364235 1 -1.63810324018
270.883942792 1 2.3192457034
