6.01649204019 1 0.845384491448
15.5497735047 1 1.34610941141
24.0827781184 1 -0.270602463878
69.7171872403 1 -0.928094319527
79.2516886923 1 -0.699821810489
86.7834576741 1 0.0353712103929
142.421629285 1 -0.50344646505
152.952449543 1 0.347554032186
161.471457406 1 -0.0830060358486
170.001371403 1 2.69786710405
215.616334199 1 -0.850249205871
225.148228616 1 0.500836512269
274.7644019 1 -1.11584308758
283.282695147 1 0.497801330675
291.816240332 1 -1.27426510741
300.350859397 1 -0.545595596779
