46.0916705894 1 -0.711561339296
54.606258896 1 0.27398603001
64.1250879651 1 1.39666872805
73.6486279681 1 -0.464026123192
145.776332187 1 2.03056671524
154.293844888 1 -0.789360412043
163.807864966 1 1.02309190717
173.323876079 1 -0.940430931476
184.839407522 1 -0.16590959273
195.35733983 1 -0.633380053078
203.872541063 1 2.10924851907
215.390597688 1 -0.116555088207
222.905572356 1 0.041376206125
232.422388041 1 -1.22571947693
241.939353465 1 -1.69160561482
252.457596426 1 -0.323922356595
261.972684517 1 1.17797416082
273.490707897 1 0.0536651055078
282.006219506 1 -0.347547221803
291.522679558 1 0.131060730718
301.032138722 1 -0.827619892553
