6.01602410362 1 -0.48919227009
16.5389145827 1 1.50806962556
82.1542774291 1 -1.29044872904
93.6690814056 1 -0.880301754443
102.185902678 1 0.639720984508
111.70261388 1 0.91107120352
121.220436117 1 1.58782222111
130.735788487 1 -1.28800419805
140.253747613 1 -0.161061766973
149.761425544 1 -1.13962134992
158.270389952 1 -1.16777714094
165.794643174 1 0.489395981021
176.304068813 1 0.648032480813
184.826778543 1 1.44137652264
205.858424185 1 -0.421611818816
213.374524975 1 -0.856033004232
221.889040646 1 -0.0120796173836
229.40497242 1 -1.15203694614
237.92140286 1 1.6160890445
260.952580286 1 -1.0979341789
270.470042701 1 -0.177008099569
280.985285281 1 0.368204216923
290.503519861 1 1.34289541607
300.018861894 1 -0.419566822156
