15.5506568572 1 3.58015897652
25.0803208229 1 -0.0602216836416
33.600401727 1 0.388185514987
43.1302352673 1 -0.130505441082
71.7004454477 1 -0.73428453061
83.2315545691 1 -0.869993661654
90.7638132779 1 -0.411966087193
102.281021191 1 -0.343015946133
140.399166095 1 0.0389484747638
149.930945134 1 -0.0627455041273
160.466577456 1 -0.192876839087
169.985020163 1 -0.445374676078
187.033365693 1 -0.409771409587
197.550930914 1 -1.15003664243
205.083451109 1 -0.693802896596
214.616144231 1 1.69047218698
261.247110457 1 -0.272995502985
269.78198095 1 0.354844517945
280.315179443 1 -0.38127998007
290.850071168 1 0.106261130076
