92.7970839869 1 -0.137961046246
103.316150516 1 -0.206590987369
111.847521123 1 -0.566479862869
120.368868948 1 -0.654560650119
129.892329332 1 -0.834873542496
140.407911341 1 -0.778636692114
176.490438869 1 -0.581599611478
186.011552306 1 -0.539423027089
193.52250719 1 -0.637045244175
203.040433351 1 -0.723015961538
212.555670344 1 -0.972091757063
222.073787311 1 0.198486717836
232.590457726 1 0.466748839978
244.098113587 1 -0.680644615871
253.605335874 1 0.634391013152
263.114936396 1 1.52570990828
273.638695141 1 0.324400819384
281.163355957 1 0.57850342218
291.677995667 1 3.38407378549
303.193441345 1 0.200608492126
