92.7324129184 1 0.17307132354
103.248938622 1 -0.215280454187
113.767280478 1 -1.30597803011
121.289837396 1 -0.218558302199
147.887156887 1 0.287309239393
156.421524244 1 -0.764784306568
165.952765226 1 -0.761766109432
175.483294385 1 1.10601571307
204.050930216 1 -0.569815799297
214.581264937 1 2.65936685916
225.09994734 1 -1.1501003168
233.632804728 1 0.170935548841
251.681803134 1 -0.525729166748
262.198484444 1 -0.526159965895
271.716007481 1 0.714424481812
281.247852171 1 1.57193216389
301.299453981 1 -0.64488287847
