32.6055998737 1 1.96946420264
44.1385011223 1 -0.161025561905
51.6721270441 1 1.17331394509
61.2049179435 1 0.232291412483
89.8011414859 1 -0.0110125881635
98.3340173123 1 -0.803378063336
107.868307564 1 0.480003385967
118.399011047 1 -1.14644066251
153.515281132 1 1.28060227722
162.032769528 1 -1.29622709695
169.565044161 1 0.340529052041
180.081373191 1 0.440386398428
190.598405663 1 0.934287636405
201.116211697 1 0.980337343299
211.649447905 1 -1.69282266711
221.182676849 1 -1.89061716988
242.238803256 1 -0.753007514129
251.769732466 1 -0.0552806840639
261.28705883 1 -0.0101570497763
272.819823749 1 -0.011246595749
