46.1309199912 1 -0.915662031457
57.6617709793 1 1.40664688735
67.1977759743 1 -0.63305983962
76.7273432797 1 1.27872533847
116.861578497 1 0.48218110968
125.395540215 1 -0.37688496917
133.927405299 1 -0.755402494431
143.460275817 1 0.00790322025757
175.06070576 1 -1.23220249556
183.592288964 1 -0.815914004176
193.108887023 1 -1.00650278666
204.625596549 1 0.264183533737
222.66780778 1 0.925011418638
231.199824838 1 -1.10701500953
239.731838264 1 -0.438673510977
247.265128669 1 1.24367884945
264.330501223 1 2.5463495511
272.863080364 1 -0.789205501436
280.396119898 1 0.00432241806939
291.927241032 1 -0.0884796837269
