6.01647276399 1 1.20062109005
17.529136245 1 0.589343982707
27.0452029518 1 0.610636767119
36.5631492271 1 -0.875911346823
45.0784596925 1 -0.746011446602
54.594171885 1 1.61983522013
122.206404725 1 1.57874934631
130.722959762 1 0.352925724523
189.824335495 1 1.5451871825
199.347437733 1 -1.18317793474
207.858527271 1 -0.930928882109
217.379605509 1 -0.959111250738
226.897087479 1 -1.05518509855
234.413084624 1 1.25396084163
243.9287158 1 -1.19734103948
254.445052374 1 -0.767870221651
263.959286725 1 0.567603813381
273.476837699 1 -0.380786335071
282.991239669 1 -0.765957029079
292.507106071 1 -0.873451630799
303.022931406 1 0.416868247309
