31.5854358585 1 -0.169966370254
43.116900891 1 -0.428918032439
52.6495685904 1 0.234405598567
63.1831908804 1 -0.0768789547146
84.2487011617 1 -1.4801652049
94.7693972279 1 0.39911753436
102.300617257 1 3.21774435587
111.835003331 1 -0.653122069531
139.435836398 1 -0.987390951574
149.957420287 1 -0.914684113733
161.489786272 1 -0.694843238417
170.020002822 1 -0.292875355527
199.585752379 1 0.494413054544
208.117301221 1 -0.689409547395
219.64933979 1 1.20142208764
228.165244465 1 0.280948937932
266.264228275 1 -0.907652365015
275.785373839 1 0.267192674271
285.315408802 1 1.02305187879
292.85263127 1 0.17761008152
