15.5511024446 1 -0.532593243803
26.0868906523 1 -0.587298480154
34.6171566498 1 -0.864200306765
43.1514178478 1 -0.533815528909
74.7523210352 1 -1.1551360726
84.284300379 1 -0.104475922113
92.8177729292 1 0.323323062983
102.351904781 1 -0.613534526529
122.404529347 1 0.706937878006
132.937099548 1 0.801917089008
142.470035437 1 -0.579341659471
152.002772699 1 -0.103890310281
173.06769324 1 3.2278625883
182.599837968 1 -0.387949525693
192.134471281 1 -0.486844516954
199.666141646 1 0.89811778735
225.232911725 1 -1.43478165804
235.766060212 1 0.659996385965
245.299845371 1 -0.102926524119
253.831141109 1 1.61623581086
273.883963744 1 -1.39062940146
282.418592866 1 -0.109702547134
292.952909658 1 0.196478273186
301.476226168 1 0.556251348369
