54.6062681151 1 0.253788574705
62.1243998888 1 -0.985501583193
70.6396687289 1 -0.882538387073
80.1577767565 1 -0.484538030277
89.6729860918 1 -0.414891678343
98.191022602 1 2.04022413851
108.715143405 1 1.10430791346
118.224205311 1 -0.33443636673
127.74665579 1 -0.515088085439
139.263916503 1 -1.11943601369
146.778424353 1 -0.849124649284
201.875508759 1 1.35262498556
211.391440253 1 2.38862504191
221.907147976 1 -0.250439117144
232.423994111 1 -0.250847414547
241.939516615 1 -0.449134332695
251.457248337 1 -0.284262272504
260.97473813 1 -0.319332723222
