15.5402066464 1 0.188056163824
26.0580995629 1 -1.64841801842
33.5733697998 1 -0.270700337812
42.0915174973 1 0.378893679496
50.6067466675 1 0.86394596117
60.1246398634 1 -1.47947227476
69.639928259 1 1.46753136645
94.1912354783 1 -0.380787995068
102.714786097 1 0.900238968935
112.225332549 1 -0.914987209823
121.746540692 1 0.47726280711
130.263990256 1 -0.924841198026
149.295907161 1 -0.176745738644
158.811236344 1 0.186159656496
169.327289362 1 0.837525554658
178.841648869 1 1.5650839479
220.90593609 1 -2.29820342637
231.424013946 1 -0.731213344287
240.939054265 1 1.32297113804
251.45744948 1 0.404499563031
258.97228726 1 0.285004630615
269.489073611 1 -1.13946254209
280.006043506 1 0.815549214679
289.524670035 1 0.2721094329
