57.5980877458 1 -1.04515101078
67.1076349089 1 0.143553032958
76.6299116228 1 -0.376730289603
84.1477268759 1 -0.923120158378
91.6622009222 1 -0.738896010906
100.179777877 1 -0.199753446456
109.694175936 1 2.73364815822
120.211360941 1 -0.561241855268
131.725555064 1 -0.232390570617
140.243128945 1 -0.669890783381
147.758458128 1 -0.523682239767
156.275077698 1 2.29637169506
164.78898603 1 1.79503129309
173.307679887 1 -0.199051272895
183.822355635 1 -0.303367098876
201.856060198 1 1.03413407132
211.374064022 1 -0.524420795378
221.889714475 1 -0.486161431787
229.407312661 1 -0.343571083029
239.92243232 1 -0.376456817861
268.472519552 1 0.545831176919
278.981822271 1 0.687980090147
288.505944471 1 -0.832490046804
299.03012841 1 -0.900174605923
