6.01603751315 1 -0.0432346145267
71.6388270018 1 0.254502568752
81.1572448454 1 -1.02568455167
89.6722549933 1 -0.739472578929
97.1903322908 1 -1.53134587658
108.705738579 1 -0.0536628658188
117.223518073 1 0.169932801876
126.748206266 1 1.92072455576
137.271932047 1 -1.15497186574
146.796571631 1 -0.514020884752
156.312327405 1 -1.45109018149
165.826450848 1 1.05916024019
175.34389706 1 -0.528114788331
183.859727144 1 1.00984625137
192.374466867 1 1.95796207831
202.890308405 1 -1.21224971516
212.407528052 1 0.441715755157
222.921766314 1 0.82268541444
232.439231522 1 -0.29115493685
243.95620896 1 -0.0313937208487
303.054969556 1 0.939866914825
