15.5412727037 1 -0.0490249245423
24.055131588 1 -1.42929903914
34.5719335837 1 -0.623699440231
43.0867654967 1 0.387413821223
51.6052621213 1 0.671921976018
61.1209712408 1 -0.191550143448
72.6384657827 1 -0.337218380566
82.1529417845 1 -0.592986018963
91.6709819265 1 1.24994443684
102.186274513 1 0.790875283277
110.704444839 1 0.326875317507
118.219438504 1 0.733429532703
125.736080703 1 1.65608783156
184.84150304 1 -1.19756198136
192.359285887 1 0.414033537392
277.00240673 1 1.42500518661
288.519221298 1 -1.71826193774
299.035608157 1 -1.51598505715
