25.0591474615 1 1.36301501973
32.5733728728 1 1.37261066318
44.0918214466 1 -1.01432890906
53.606757004 1 -0.743319572705
64.1248664286 1 0.969605827619
116.698316686 1 2.26394732216
124.212555506 1 -0.21446222245
133.729907013 1 -0.418602334183
143.246052501 1 0.769643034081
152.76188063 1 -0.485365186784
163.276014689 1 0.909342749107
171.793185447 1 -0.813968328453
182.307713969 1 -0.0156141191564
189.825252092 1 -1.40839517005
199.33960657 1 -0.213714294097
207.855922191 1 -1.07269834374
217.37268759 1 0.513270932113
224.890817408 1 -0.682463691747
235.407272433 1 -1.07850337557
