17.5404469004 1 0.140331068119
26.056939639 1 1.54768744746
37.5746769492 1 0.00347295943638
46.0909503862 1 1.0593312156
55.6080736518 1 0.165530994091
66.1233352284 1 1.52075442844
73.6414119672 1 0.327764106986
83.1581835122 1 -0.170100777825
90.6681533547 1 -0.284008216883
101.189880837 1 0.654816138442
109.708076026 1 1.15239073808
118.230853363 1 -1.0232179892
126.74818252 1 0.154067452116
137.264231627 1 -0.548526477169
147.780195248 1 -0.349639874891
155.297215428 1 -0.730025452562
163.810048763 1 -0.751946063486
173.327471788 1 0.138472789601
183.841799447 1 -0.697895875795
195.358677709 1 0.193142554647
204.873288924 1 -0.941215609477
213.390770056 1 1.16683378497
232.423763355 1 -2.07996751148
241.938823789 1 -2.07739984862
250.457441099 1 0.868837936257
259.973685762 1 0.084726494181
271.491011846 1 1.30124669486
282.005952433 1 -0.29227680793
290.524046771 1 1.38280321474
299.039170062 1 -1.91598951269
