15.5488099745 1 -0.436789286389
24.08469596 1 2.23889841498
34.6141328018 1 -1.20428289485
45.1495653777 1 -0.828398542858
63.2121065666 1 -0.864218444097
73.7446451993 1 1.99004526648
82.2770433114 1 1.13863431749
91.8125177921 1 1.04604749676
134.942311942 1 -1.03931352022
143.474536009 1 -0.354818097416
152.009291684 1 -0.656768687745
159.539717478 1 -0.99028907003
181.60530654 1 -0.476500062339
193.123570454 1 -0.736725163525
202.656356045 1 -0.351959218635
210.189669916 1 0.159721517727
248.304879531 1 0.290847138412
257.822076269 1 -0.605366718832
265.345840603 1 1.22309372373
275.880501293 1 1.13231307443
293.945747574 1 -0.870216161771
302.477925546 1 0.196044918708
