6.01601097346 1 1
17.5409486401 1 1
27.0565680834 1 1
35.5708286947 1 1
47.0878228937 1 1
56.6021888257 1 1
67.1195813993 1 1
77.634287598 1 1
86.1524928448 1 1
95.667555234 1 1
105.185881446 1 1
123.219038174 1 1
134.736003319 1 1
144.25245555 1 1
154.767527717 1 1
163.284214614 1 1
172.800627175 1 1
181.31909251 1 1
191.841417554 1 1
208.873357927 1 1
218.389185497 1 1
226.907070871 1 1
236.421587939 1 1
246.938588005 1 1
255.452889683 1 1
264.971296073 1 1
273.4847225 1 1
284.00254753 1 1
291.517259875 1 1
303.035217604 1 1
