6.01629061794 1 1.22377873934
15.5504054286 1 -0.924684773482
25.0866143602 1 -0.274623930194
34.6167769926 1 -0.0340428052474
53.682985128 1 -2.12827379119
62.218277742 1 -0.219874798552
71.7506473588 1 -0.742074427545
119.41821712 1 -0.141524685987
128.95241127 1 -1.07493160883
137.475259844 1 -1.53080436587
147.007188344 1 1.84785352927
157.540561999 1 0.170696834461
166.071469139 1 -0.0622620659393
173.601991594 1 0.386311948061
184.135861401 1 -0.663399955661
193.666447551 1 0.649083815099
203.184049649 1 0.777372973005
214.714518465 1 -1.20956003823
242.28079295 1 0.937742540355
264.314634681 1 1.12009743687
291.900784597 1 0.460858409939
300.432478709 1 1.43226102034
