25.0698253549 1 3.27496733104
33.6022592257 1 0.806687094694
42.1360603093 1 -0.554753237009
52.6670847831 1 -0.549919112463
81.2575782676 1 -0.553676120132
91.7874989698 1 -0.941924249445
101.321254238 1 0.0574775969745
111.853472997 1 0.702721613245
132.917972536 1 0.0593486000037
142.450148832 1 0.167579944323
150.983188645 1 -0.620811405074
161.518087634 1 1.34439464204
179.583250944 1 -0.872106673451
189.116125373 1 -0.477420445525
198.647881784 1 0.922045412374
207.164780719 1 -0.0450927330684
254.815484929 1 -1.04941151303
263.347646977 1 -0.832132735827
271.865859488 1 -0.656539882013
283.401255187 1 -0.181434127658
