6.01648729098 1 0.0762500487908
16.531594658 1 0.234746180933
27.0426459229 1 1.50387344721
95.6583012645 1 -0.27936501627
103.175948619 1 -0.967405911759
111.690579669 1 -0.96481912308
121.207748471 1 1.18160321543
194.339388945 1 1.18421766749
203.857777734 1 -0.0145339151076
214.365485558 1 0.170055064488
223.87447427 1 0.636273091012
234.397177295 1 -1.18250918484
244.915560218 1 -1.23156317429
253.429165439 1 -0.871546497302
263.94481226 1 0.187476219671
274.460830916 1 2.02413583581
282.978200861 1 -0.811854104615
291.49339064 1 -1.5888698822
300.01029237 1 0.713836038637
