6.01649539257 1 0.477938225765
14.5291580354 1 2.06480643896
25.0471462155 1 1.85859318459
33.5620228269 1 -0.751978576056
44.0781540671 1 0.896013259581
51.5923895355 1 -1.13016233652
60.1102807759 1 -0.0932226359301
69.625655216 1 -0.954964101833
78.1419769831 1 -0.600160966625
86.6565205913 1 0.695507625918
97.1747786381 1 -0.118593807191
105.691758589 1 -1.1844359638
117.208072534 1 0.593016188843
124.724619749 1 -0.854079301526
135.239912056 1 0.441518291193
144.756480502 1 -0.902669116406
206.847860552 1 1.87471992344
262.94387024 1 0.160372160836
273.458475309 1 -0.192846445327
281.975903362 1 -0.017506210983
291.490115084 1 -1.13088083775
299.00624828 1 -1.13098499917
