6.01652472591 1 0.262570731748
24.0567887818 1 -0.846417794361
33.5746870063 1 -0.771727747791
44.0898348812 1 0.328831304255
52.60763002 1 1.32315731969
121.212987125 1 1.62841482417
129.727485477 1 0.328147578819
137.244991472 1 -0.567937752171
145.762456122 1 -1.33646312183
153.278286486 1 1.57545671439
161.791479085 1 0.251672225394
171.308617715 1 -1.35924826123
181.823327825 1 -0.948930799472
192.340795548 1 -1.1293679538
203.85752435 1 -0.0822923284554
212.372848504 1 0.532698363479
221.890667948 1 1.2713855613
231.407528052 1 -0.97646262884
238.922712244 1 -0.820946132044
301.03074022 1 1.33745989676
