6.01602438299 1 0.0846131981418
15.5411981132 1 0.0466850895073
25.0552709911 1 -0.97340456083
34.5733368347 1 -0.658786143967
44.088505662 1 -0.096278097413
53.6064776389 1 1.72910009002
63.1215729932 1 1.87756366748
72.6399229511 1 -0.366561357377
82.1546819498 1 0.73257864104
91.6728492029 1 -1.12141644301
100.188214424 1 -0.510425892849
108.706631709 1 0.42721670999
118.214169957 1 -0.64594386747
125.722775101 1 -1.08456652201
135.247710254 1 1.4246587025
154.295928114 1 -0.6438712151
164.810168611 1 0.196096165158
173.327831889 1 -0.732157628781
181.84200925 1 -0.924435239141
192.359370255 1 1.29032673425
202.873803514 1 1.99889081427
212.391249167 1 -0.269128727058
223.906275798 1 -0.292476798445
231.422645057 1 -0.634027443748
241.939173554 1 0.461880850608
252.454335397 1 -0.97350625352
262.970982904 1 1.9258897522
271.488913535 1 -0.390703366936
281.004263391 1 -1.58270104955
289.52249406 1 0.705273947788
299.039191294 1 -1.00038375577
