35.6009140827 1 -0.293735186424
45.1324011851 1 0.708061795655
54.6506623048 1 -0.760222033959
62.1833755407 1 0.0194465246833
81.2508508763 1 0.0178442069617
89.7831157312 1 0.893575977196
98.3164675957 1 -0.604521529297
108.849952997 1 -0.979440338691
127.915149551 1 -0.602273157896
157.501229626 1 2.82530994054
165.031524398 1 0.115815238585
174.549755346 1 -0.0744786939101
195.585986487 1 1.55129785081
205.101634984 1 0.958918421163
214.619378161 1 0.300078639307
224.150779778 1 0.895175156216
243.21540084 1 -0.352131114819
252.731447712 1 0.0217822571992
262.247973695 1 -1.28893091239
271.767282713 1 -1.26271944245
289.832919547 1 -0.51194543817
300.368279767 1 -1.57690816031
