15.5517894034 1 -0.47454541043
25.082105966 1 -0.0755646771029
33.616176637 1 -0.166691840852
42.1478911426 1 -0.950333753549
90.8154687258 1 -0.515985420607
100.34729386 1 1.62756819192
109.882999934 1 1.18501957844
119.413493056 1 -0.162097809237
127.948889873 1 -0.298645403333
138.482307388 1 -0.954187497271
147.013761526 1 0.535865487513
158.547488019 1 0.709440654054
175.612937678 1 3.33352748128
185.135168297 1 -0.292184176786
196.668810142 1 -0.339115936549
205.200052241 1 0.10145052133
224.265831551 1 -0.512225402654
233.799191238 1 -0.819675511743
243.331481794 1 -1.29948161898
253.8641115 1 -0.076728927983
290.998680559 1 0.268280354902
300.531771496 1 -0.823688882359
