6.01639314494 1 0.834782632097
15.5513577843 1 -1.25553816384
34.6011129906 1 0.0935147773414
45.1345768806 1 -0.0296632577142
54.6666394751 1 1.50707760914
66.2011738922 1 1.56370843693
94.8006132064 1 -1.49931342737
102.333029198 1 -0.699120580339
111.865152694 1 0.469773157589
123.38369709 1 -1.31542890381
152.95335748 1 -0.449901171099
164.486705713 1 -0.0850663530891
174.019729603 1 -1.31309569848
184.551921543 1 0.955522667971
215.681059744 1 -0.0801667246842
225.199456355 1 0.0966308547369
233.732095001 1 -0.391291587907
243.265842726 1 2.18140168366
273.830991928 1 0.286441370465
282.348942114 1 -0.453947037456
293.881571541 1 -1.24831971362
302.399192635 1 0.831999429482
