6.01648337988 1 0.636463101319
17.540077021 1 1.1500637259
106.708366007 1 1.77905944253
116.230127572 1 0.125764812107
124.747824933 1 -1.30933975442
134.264531386 1 -0.506339539988
144.7778226 1 1.02916584089
155.295130806 1 -0.940087238703
163.809304535 1 0.708296912095
174.326900207 1 -0.237408414766
239.939506837 1 1.02903357999
251.456044833 1 -0.938480252248
260.972501812 1 -0.135182534957
270.490684431 1 1.12784760032
281.005820572 1 -1.58085316393
291.524063813 1 -1.04855832242
302.031784766 1 -0.889445793708
