25.0742820666 1 0.71955351527
52.6526052892 1 -0.777380155826
61.1862828935 1 -0.457571269518
71.7182169801 1 -0.170138146506
82.2521786987 1 1.29374854038
116.351343816 1 -0.675914823196
124.883536036 1 -0.601693022944
133.419346034 1 -0.785973463446
143.950085276 1 3.22751268058
162.017801424 1 0.183331960182
172.550728095 1 -0.782087700039
183.08279935 1 -1.03034107481
192.614381437 1 0.798720996186
245.238228322 1 -0.601160365042
256.769052771 1 0.0817730525097
273.820828904 1 -0.282487575647
282.354457061 1 -0.463543276412
291.887315846 1 0.323650128276
