34.6006819302 1 0.619555788672
44.1338580741 1 -0.403192522927
53.6682737611 1 0.207269457138
62.2013563176 1 -0.662251957667
89.8013962668 1 -0.745556097008
100.322223635 1 -0.198282879575
109.857029595 1 0.357499370311
120.38714697 1 -0.811783003535
158.52024098 1 -0.87173553826
168.050430432 1 -0.455273152247
179.584310855 1 1.99749853728
187.116757297 1 -0.045797725462
215.717735355 1 0.0531284588204
225.249763587 1 2.81907593189
234.784561166 1 -0.970832366282
244.316136548 1 -1.32360006115
273.919269348 1 -0.539578001109
284.442966075 1 1.22655258683
291.974531679 1 0.155465802202
302.507435442 1 -0.408162627919
