6.01654288464 1 -0.591939642235
15.5452681835 1 -0.794310078506
53.6588580392 1 -0.507269010218
63.1875316556 1 1.03415571154
70.7041218926 1 1.41572724918
82.2358514839 1 0.556595898329
103.285649712 1 -0.978320015688
112.818231367 1 -0.499502062838
121.351185695 1 -1.12327951194
130.883566487 1 0.743227160206
151.952117378 1 0.163089274459
162.48332316 1 -1.31410457258
172.015415367 1 1.55961464047
180.531603318 1 0.891180852368
209.099270159 1 -1.26475807501
218.632851382 1 -1.45691344392
227.164515881 1 0.317886155656
235.682563007 1 0.0267266647467
255.732842303 1 1.69966105739
266.265195716 1 -0.497818930235
273.790326704 1 -0.744316468992
283.321403419 1 1.36466714783
