6.01606964013 1 1.55214847211
16.5413316497 1 1.5652922626
28.0566943564 1 -0.893921731833
36.5707236534 1 -1.34588016734
45.0884576112 1 0.533769946746
55.6025503241 1 -0.100849910957
65.1200339708 1 -0.407413118717
75.6347331854 1 -1.49759987065
84.1531507496 1 0.534032130181
93.668050269 1 1.44834572013
101.186292951 1 -0.832384477985
109.701883619 1 -0.678667089594
117.218056764 1 -0.0400350615874
124.736074278 1 -1.5003983607
134.252731004 1 0.565320542138
143.767774675 1 -0.586668192535
153.285931033 1 0.127615722193
162.793917663 1 0.428838024129
174.317749602 1 0.856143070584
184.825172752 1 0.841059122614
193.342758926 1 -1.57382448818
202.856865887 1 1.72213905221
211.374460721 1 1.29396600036
222.888571313 1 -1.07190407051
232.40443967 1 -0.191120942769
239.921194733 1 0.538194992319
250.440076602 1 -0.562426151483
260.952676667 1 1.38713581377
270.470335196 1 -0.377509951689
281.984478754 1 -1.10348470246
292.501019543 1 -1.1339865641
302.018891787 1 0.504073980999
