6.0164814243 1 3.15427775256
17.5468245266 1 -0.235423686019
25.0694322882 1 0.177011263698
33.6002531048 1 0.238950135172
61.2002626032 1 -0.462917610048
71.7340745821 1 -0.410602980438
81.2560090738 1 -0.0318474505125
89.7903917956 1 -0.684962621117
108.856414153 1 -0.256258722607
117.386938843 1 0.128397987394
125.921216244 1 -0.14671874832
135.452262508 1 -0.519501640191
153.518253298 1 0.503183517505
164.051326914 1 -0.305697838408
175.585739528 1 0.0144520278472
186.115961107 1 2.39876119006
226.24915066 1 -0.892990973051
236.783681166 1 -0.573252669784
247.317491748 1 -1.22244939901
255.851834242 1 -0.848067290903
295.975749711 1 -0.799312002767
303.505558667 1 0.774969758936
