6.01647946876 1 0.952925556438
16.5402627988 1 1.21493572892
34.5734055585 1 -1.63527036166
44.0901754273 1 -1.2636983344
53.6081077344 1 0.434611164253
64.115968929 1 0.358465319955
71.6251752667 1 1.49762468308
91.6566999437 1 -0.28656742331
102.180505902 1 0.568951993533
110.697213752 1 -0.274762490862
120.211514592 1 0.521901356676
131.729078975 1 -1.01865811585
140.243330926 1 0.520522854324
149.759115754 1 1.28898515282
161.277510969 1 -1.61468298158
170.791983059 1 -1.41433482306
181.306110134 1 -1.90747347469
189.823953044 1 -0.719938566932
198.339116284 1 0.347996097286
254.439477922 1 -0.419902004034
262.957621988 1 1.37669870086
272.472444682 1 0.818567693223
281.99113798 1 -0.0385313094898
291.514650326 1 0.656476090967
299.023537349 1 0.0351574935411
