34.5733737109 1 0.986654904584
45.0917585894 1 0.145841655538
55.606792204 1 -1.48390438308
63.1251390889 1 -1.62427599985
72.6515180002 1 -0.833943454299
83.1751130381 1 1.75816286924
93.6972564949 1 1.30481356206
103.213142173 1 -0.607493522977
110.731192372 1 0.050928049183
119.245009631 1 -0.328219498965
128.762519259 1 0.902937342602
159.308520496 1 2.38063021312
167.825750479 1 -0.650074554012
176.340316158 1 -0.527175177566
183.857737506 1 0.266300140713
245.957416096 1 -0.850145496203
255.472552797 1 -0.527525116561
264.989281599 1 -0.567508318035
273.506770553 1 -0.450104453021
282.024500321 1 0.645448356686
291.548141454 1 0.00865288084351
