6.0165311513 1 3.80304604647
14.5424488308 1 0.318034093429
26.0572650993 1 -0.821481664052
34.575003527 1 0.515640963904
42.0920717577 1 -0.400987124462
52.6082722804 1 1.36589318206
62.124917273 1 -0.400513469256
71.6401626464 1 -0.822710755462
81.1566534294 1 -0.724235973348
90.6748016857 1 0.402531112934
100.199742146 1 -0.351420532072
128.764516161 1 -0.380351326527
137.278861978 1 -0.397794885705
147.796145041 1 -0.367934323619
158.310202554 1 -0.822292469667
166.827386442 1 -0.693802529665
176.342024755 1 -0.462476232498
185.859526839 1 0.613561503651
197.375126168 1 -0.66158684862
206.889329789 1 -0.428911949806
216.40815802 1 -0.793733911197
226.922453831 1 -0.756473034665
265.990979021 1 -0.564229322665
274.507304979 1 1.20244704898
283.024219559 1 -0.237103518174
292.540464221 1 0.581271265763
302.057592515 1 1.28561465427
