14.5512158668 1 0.554148320667
25.0723784727 1 -0.66238391565
33.6068578548 1 -0.847695284982
43.1384561446 1 3.28587067129
83.2253224921 1 0.874732652376
93.7431679166 1 -1.13964143341
102.274247146 1 -0.25912940426
112.809528306 1 0.0636462250901
158.455201988 1 -0.114103727792
167.989904862 1 -0.555739947449
176.521857666 1 -0.114231762797
186.054371156 1 -0.259013008785
231.688358157 1 0.982140542322
241.220767444 1 0.0700743173578
251.738720703 1 -0.773083959192
260.270477952 1 -0.660400292001
300.376535007 1 -0.44518999278
