6.01602410362 1 1
14.5389419605 1 1
23.0572530866 1 1
33.570667501 1 1
42.087131465 1 1
52.6038432259 1 1
79.1554583055 1 1
88.6705855074 1 1
100.187025446 1 1
109.703833308 1 1
118.22308366 1 1
129.738201922 1 1
139.247333949 1 1
148.770177495 1 1
160.29569233 1 1
169.803195099 1 1
179.327464803 1 1
187.843112463 1 1
196.357534268 1 1
204.873501241 1 1
212.392048151 1 1
220.907173956 1 1
231.421599673 1 1
249.453354546 1 1
259.969872707 1 1
268.48795671 1 1
279.004853969 1 1
290.521255634 1 1
300.037747535 1 1
