6.01602885283 1 0.956221225651
13.549260311 1 -0.294791262045
23.0815712612 1 -0.0763305979498
50.6808004928 1 -1.09654110165
61.2121448396 1 -0.658209615233
80.2759395398 1 -0.00152767141628
89.8111271125 1 -1.13140720274
99.3426245514 1 -1.05832496146
109.874728213 1 -0.476684014931
117.407837309 1 0.430838650893
125.940347446 1 0.467469276378
152.542085097 1 -0.0100732545666
163.071048974 1 -1.05401776836
173.5891313 1 -1.05723446346
184.120943584 1 -0.908735548023
244.270746422 1 3.08654712604
251.787891757 1 0.760978853185
262.30594475 1 0.612836739422
271.82718921 1 1.26940421446
291.894224545 1 0.393322718817
302.427753527 1 -0.153741343015
