32.6005383366 1 0.0883710387444
52.6685358055 1 -0.309325141572
62.1991135745 1 1.16470088239
71.7332051979 1 0.331652115496
81.2676667007 1 0.963530036892
107.850051613 1 0.868265530147
116.382176785 1 0.773526111077
125.916221196 1 -0.840921142561
136.448891409 1 -0.399258492732
168.035366227 1 1.02156082888
178.552768019 1 -0.888442808042
188.083447477 1 1.3648477659
196.601065219 1 1.26235408764
225.180759566 1 -1.51914522112
233.698257739 1 -0.838372706015
243.229989007 1 -1.02929410176
252.74854793 1 -1.42586556223
269.800790883 1 0.082333758953
280.332780842 1 -1.13560592942
289.866749824 1 -1.08764600821
299.399217778 1 1.55273495755
