45.0877192492 1 -1.13691848075
54.6058306293 1 -0.581183160304
65.1206888026 1 -1.62929372921
76.6373382651 1 1.36112330551
85.1540458354 1 1.13095389671
168.796061231 1 -0.267031800492
176.308979493 1 -0.741300315357
185.826530467 1 -0.35025083508
195.342604158 1 1.55533098196
204.858375296 1 0.635447661244
212.374441444 1 0.208284416202
220.889025561 1 -0.577630228183
230.404536331 1 1.42758902574
240.920456091 1 -0.577050742199
250.438336995 1 -1.17246377638
261.95331334 1 1.26248344383
273.471491768 1 -0.548089663258
