35.6069218295 1 -1.09668413911
45.1395073955 1 -0.960745250063
54.673133876 1 -0.793401429079
64.2069028326 1 -0.490573558127
106.335256855 1 1.00495719332
114.866179081 1 -0.823128004852
122.400355632 1 0.123575166264
131.932226303 1 0.329793513739
165.030987737 1 -0.889168931743
172.54786572 1 -1.02536480486
181.064826954 1 -0.517266357329
190.582596391 1 -0.180439266115
212.631067356 1 0.0257267748895
230.680997445 1 2.94305943359
240.199770083 1 1.3783891641
251.73083255 1 0.467103174025
261.248956222 1 -0.655269078633
291.836463573 1 0.870017244577
303.370830092 1 0.28941915541
