13.5516220637 1 -0.675425094509
24.0811896484 1 -0.74550714277
34.6006986922 1 -0.436846193265
45.1313267468 1 -1.25869705733
82.2487958665 1 -0.235668883507
91.7808595785 1 0.161522428744
103.299322679 1 -0.513079662543
111.833885312 1 -1.0681675817
141.433845642 1 1.13976360463
149.965156465 1 -0.5116480543
160.487782665 1 -0.986539474188
170.018534758 1 0.634312041533
207.11537444 1 -0.15377639773
215.632948042 1 -0.473072623403
223.164077278 1 2.17236821973
233.68037502 1 -0.114685429239
253.715308789 1 2.48373970727
263.249281124 1 -0.632872092774
280.315918364 1 0.943941276382
290.848644171 1 0.945635280016
301.383583109 1 -0.675296871038
