6.01602158934 1 1.24495754378
13.5415087672 1 -0.607161007873
23.055577734 1 -0.788895756023
33.5736013935 1 -1.0163001847
44.088742843 1 -0.938202769668
53.6070391628 1 -0.86720614463
62.121843698 1 0.108529220812
72.6384995858 1 0.893200968486
83.155053226 1 0.893433986642
93.6733051268 1 0.81502963909
104.188391262 1 -0.041055284923
112.706471353 1 -0.247639666107
122.213542224 1 3.56463956515
129.721793692 1 -0.584050241526
176.292608418 1 1.19182251253
187.809964116 1 0.515606938541
197.324476435 1 -0.527634164213
205.841870405 1 -0.829716529059
215.35608548 1 -0.0412419500227
225.873529178 1 -0.381200414838
236.387843986 1 -0.0409964040138
244.90701835 1 -1.16778641925
256.422858212 1 -0.717581549782
264.93968563 1 0.328284139283
274.456122217 1 0.0298060392099
282.971115882 1 -0.788642066894
