67.155261353 1 -1.18824928941
75.6861140173 1 -1.03240545433
87.2039767624 1 -1.61751605309
98.7248963206 1 0.133776153473
107.258899385 1 -0.755776016405
114.790670043 1 0.259891345482
122.326802988 1 0.102560291917
143.390987681 1 0.408033012502
151.921418504 1 1.47610070473
159.456244299 1 -0.276396068037
169.987599821 1 -1.1366420856
179.520311939 1 1.34929354595
189.052602775 1 1.30009504952
199.585491173 1 1.02162560907
209.103516508 1 -0.2735793213
255.735012131 1 1.04754078425
283.322880981 1 -1.3567253432
292.844388323 1 1.22118491162
302.378355908 1 -0.682811777144
