15.5422082974 1 0.0111421180661
74.6232912284 1 -0.1040996271
83.1309694389 1 -0.14603170372
91.6482751299 1 2.15273002682
102.162769849 1 0.606241577894
111.679057534 1 0.01903836361
122.195752533 1 -0.904867206832
132.71124682 1 1.01937426608
140.22777895 1 1.68570388629
148.742563929 1 0.354206311808
206.840619408 1 -0.653612456908
215.355610559 1 -1.31416597703
259.939399002 1 -0.73223720253
269.456900807 1 1.10253917772
278.974110676 1 -1.19448776098
289.499495606 1 -0.950764922315
301.02373039 1 -0.95070887088
