17.5390581764 1 -0.668457616064
27.0576531375 1 0.0990607758179
37.5714167583 1 0.507582821629
48.0885380684 1 0.976509636492
58.6053470483 1 -0.232120190107
98.6733339014 1 -0.772053493928
107.188464176 1 -0.903271226233
116.706738426 1 -0.48516515808
127.231165413 1 -1.12364523198
134.755111893 1 -0.719765552444
144.280002626 1 2.53853987875
151.788228951 1 -0.420064578155
162.310682503 1 1.31172313775
171.827677261 1 -0.939004282475
180.342380386 1 1.61414697351
188.859674065 1 -1.10686025369
205.890109497 1 -0.399031035848
216.406140725 1 1.24499615441
227.923082124 1 0.0344462604105
236.437638583 1 0.408121867701
244.956265671 1 0.973000295622
252.471262688 1 -1.33948826121
261.989482742 1 1.5098411264
272.504657156 1 -1.10479166657
283.022456206 1 -0.167414537618
291.537968652 1 -0.0308849751324
301.056159652 1 -0.805950868973
