6.01653171004 1 1.38291824003
27.0744980158 1 2.25797523974
36.6054607499 1 1.19376154973
46.1408262782 1 -0.600578317707
56.6710391963 1 -1.035759617
84.2729419521 1 -0.0705108695695
94.8013387176 1 1.03576090848
106.33409302 1 -1.1934608731
115.866058954 1 0.0646460011837
153.966553012 1 -0.438767750587
173.016221894 1 0.69146430986
182.548663308 1 -0.876158922643
191.065947208 1 -0.155421021366
199.599558044 1 -1.00355966614
217.664695094 1 -0.247411710739
226.182936938 1 0.126229367427
235.714423481 1 -0.812057879915
245.232985757 1 -1.28659385623
274.803670858 1 -0.094629000032
285.338036538 1 -0.725937033556
293.868455907 1 2.04037906543
301.401915607 1 -0.252288163304
