6.0165800402 1 -0.0411944993733
14.5318418961 1 -0.934000989864
25.0401855543 1 1.01872010896
35.5637886938 1 1.00767527467
45.0793983593 1 0.702071666944
54.597673168 1 0.0160208912376
73.6272481558 1 -0.380989384658
84.1429117388 1 -1.6047747026
93.6605984839 1 -1.81930982585
104.174767743 1 0.489956312997
113.692469574 1 -0.571876511041
191.82431566 1 1.1708254202
201.3394437 1 0.866933250732
210.857712642 1 1.39758921793
221.3651411 1 -0.982216038194
229.874244632 1 0.429344090273
238.397119187 1 -0.828111615501
246.914968243 1 0.336221643051
255.423441247 1 -1.7616931134
264.946756362 1 1.35860891225
273.461057201 1 0.772462804173
283.978512912 1 -0.64226291294
