15.5413526021 1 0.350172240813
24.0558277658 1 2.38128323068
43.0889565573 1 -1.18468198639
50.6073216009 1 -0.607469739001
61.1234905554 1 -0.963428493242
69.6391477129 1 -0.494133106469
79.1572861914 1 -0.852774287286
87.6723413171 1 -1.00670709244
96.1889374208 1 -0.337962081597
103.705534083 1 -1.2294863558
163.811375747 1 0.886671006119
174.327563699 1 -0.607038608046
181.842200615 1 -0.471600723208
193.359201798 1 1.24296375609
201.873843463 1 -0.203853454946
211.391197764 1 1.06450468041
220.90550922 1 0.0637309250302
231.423053768 1 -0.405409045387
291.523059216 1 0.551428206449
301.038255141 1 1.82379092822
