17.5354043601 1 0.235705361886
28.0688833357 1 -0.708737710548
37.6028699178 1 1.00057234178
48.1325975787 1 -0.848296475619
94.769313139 1 -0.0858136515472
103.299603721 1 -0.0794871909003
112.833935039 1 -0.676668937859
122.367304504 1 -0.221569148409
149.966202408 1 0.830227226376
161.501204483 1 -0.958607093253
171.031636702 1 -0.287293588808
178.549626279 1 1.31981690342
196.604619302 1 2.89469201367
205.135587903 1 -0.0414638952696
213.653294762 1 -1.23495679687
222.18465643 1 -1.19555780109
250.765435272 1 1.25295905038
259.284003693 1 0.0576469393551
269.817774326 1 -0.433989568294
281.351009695 1 -0.819177978386
