26.0690003897 1 0.103027540161
33.6017563685 1 -0.49250865491
43.135907776 1 -0.813900331698
54.6696504723 1 -0.458663907348
85.2676485419 1 -0.494145692208
93.7993054983 1 0.819904132638
103.317449564 1 0.101650698626
110.848716527 1 -0.211099284597
139.435808462 1 -1.09374586558
148.967327691 1 0.0617921681605
156.502245397 1 -1.13301612737
168.032113858 1 -0.449995595301
186.081308099 1 1.25881711865
196.603479213 1 0.424294110016
205.119253145 1 -0.249648185229
213.636807471 1 0.4610994994
242.218015977 1 0.103380900633
252.748806063 1 -0.924751712214
262.266595056 1 0.0628176455978
269.799039543 1 3.71697166931
291.867317774 1 -0.693848934743
301.400660698 1 -0.0984311919863
