6.01654037035 1 2.09395163203
14.5401161321 1 1.04592252351
84.1496106349 1 0.354158626296
91.6751575968 1 -0.423327139577
100.196516876 1 -1.01565224901
109.714317322 1 -0.753087302022
119.228343546 1 -0.788793705378
129.745767968 1 -0.77168781459
138.260163792 1 -0.0512810680199
147.777656937 1 -0.847339134093
156.292717371 1 -0.127883683377
167.80912602 1 -0.639037674995
176.323695051 1 1.32921595676
183.841223116 1 -1.14970508242
192.356111461 1 2.01039736119
202.874372022 1 0.438890842963
281.998637257 1 0.77049527041
292.507491595 1 -0.383875147471
302.030278709 1 -1.09136221221
