6.01603555759 1 1.80775374767
16.5507373144 1 -0.0890650804911
27.0804222324 1 -0.342751071873
38.6121143888 1 -0.645454836081
68.1956142471 1 2.00173098507
77.7266032415 1 0.178583584546
86.2595989155 1 -0.997002067662
95.7939849897 1 -1.00175645103
105.324219419 1 -0.90865834594
114.859582992 1 -0.132923701968
124.389246119 1 -1.1256512039
132.90558409 1 -0.733350031058
162.489246538 1 0.440256269005
171.006854502 1 -0.737062957241
181.538390773 1 -0.4713739529
192.057008083 1 -0.911624456872
210.106471633 1 -0.0400618938686
219.638172729 1 0.0509365226478
228.156315398 1 0.177553796343
237.688494767 1 1.18119253157
299.379817826 1 2.29872861404
