6.01605986236 1 -0.592063171475
63.1187863262 1 -0.280426364254
150.768265799 1 -0.895336685062
161.284916658 1 -0.839503539314
170.802735543 1 -1.43140260848
178.325638594 1 -0.111368893073
188.842819967 1 -0.642559980572
198.357135614 1 -0.782196780482
206.874735197 1 0.947347540389
215.389336913 1 -0.503316206689
224.906631429 1 -0.395956317306
232.421031723 1 -0.0546952907158
241.937504348 1 -0.728147729006
252.453452324 1 2.57279343129
260.969445837 1 -0.336888914443
271.486661573 1 0.609666896495
281.000847594 1 0.952101373062
291.519384168 1 1.95301484063
301.034563052 1 0.55893839901
