23.0675490879 1 -0.945156097962
30.6020480257 1 0.0914612996623
42.1340921821 1 -0.64866214008
50.6686000595 1 -0.283706282834
85.7891550462 1 1.05199060251
95.3211846757 1 0.60992460868
104.85225301 1 -1.97629321544
115.386131198 1 -0.945389565586
142.982865141 1 0.540811980339
182.081154728 1 -1.08251330205
192.599348241 1 -0.344789114819
204.131272271 1 0.398318488322
213.649415219 1 2.09560581984
235.699532762 1 -0.720670760503
244.23145288 1 1.87843497364
254.74911979 1 -0.49699014129
263.28083234 1 1.14006502482
272.800384965 1 0.0898394447291
283.334451446 1 -1.14707827897
292.855479677 1 0.460531403019
300.389155605 1 0.234265253962
