6.01602605918 1 0.795629596565
15.5412064941 1 1.02601850007
26.0554176578 1 1.62811867268
76.6399601067 1 0.958297445519
85.1552099499 1 -0.291381881901
96.6733763649 1 -0.498615174738
106.188331478 1 -0.685432610006
114.705671531 1 1.46565622621
124.213729957 1 -0.420249100662
134.723117044 1 -0.901737510622
143.245621999 1 -0.411465918183
153.76300284 1 1.85980635188
198.340750291 1 -0.753740569832
257.437853414 1 -0.771190013379
264.954509582 1 -0.907416386505
274.472430714 1 -1.06385292744
283.988103795 1 -1.02844469965
