6.016525564 1 0.445364732883
14.5571168961 1 0.705466657429
26.0895284177 1 -0.480187564641
37.626324016 1 0.0615440370529
47.1675592848 1 -0.742611979273
73.7402105575 1 -0.950965178982
84.2660804655 1 -1.4344789199
91.785117941 1 -0.192849341578
100.32306173 1 0.0871432975899
110.840023802 1 -0.232772805807
119.377899426 1 -0.819142172766
147.950968908 1 2.66885887391
157.472611463 1 0.982771781435
168.01075863 1 -1.2890404306
177.522556917 1 -0.203071012676
188.040361834 1 -0.957056201338
256.644089961 1 1.04037641951
266.161806878 1 1.12394194985
274.683726004 1 0.933451224604
282.194092825 1 0.516251823217
292.73536022 1 -1.26299518992
