6.01603136711 1 3.33545994333
14.5311568928 1 1.33991767988
23.0384495795 1 -0.57498693832
32.5543335815 1 -0.366059281896
43.0726785108 1 -0.33095868835
52.5876434016 1 -0.182546142786
61.1022286352 1 1.65358160609
72.6178947324 1 -0.180514507073
81.1339687027 1 1.30527323136
90.6512157271 1 0.212171096676
100.1656163 1 0.167817219775
109.683258626 1 -0.740121558283
119.19749186 1 0.516392198042
128.71419524 1 -0.644673600048
139.230673172 1 -1.22338814621
148.749045479 1 -0.507552200772
159.263731005 1 -0.946072985149
168.781764721 1 -0.715835727481
187.813871875 1 -0.296501835314
198.330292817 1 -0.621031120553
206.848471244 1 -0.563285572865
216.357421404 1 -0.705394598891
227.881834144 1 0.177249536153
291.501240521 1 0.723476981828
301.017366453 1 -0.832416589145
