16.5507686033 1 1.02698482165
25.0741015967 1 -0.208142174331
35.6088558741 1 -1.5171971595
66.2043485974 1 -1.01931035662
76.7382742779 1 -0.0351046963197
86.2690814056 1 1.09688247058
93.8034398227 1 1.05818907644
103.335440957 1 1.23569190427
114.868519882 1 -1.65593330353
124.401940749 1 -0.0340213096656
141.468742815 1 0.776371420766
148.999721194 1 0.252363355696
159.536045224 1 -0.741340999176
167.066171539 1 1.38100402216
187.134444182 1 0.601699701554
216.735205731 1 0.282528552222
242.334370709 1 -0.879511512538
280.454886026 1 -1.62115381366
