6.01607438935 1 2.71513554755
15.5486029649 1 -1.19946742307
25.0820428295 1 -0.790014469505
33.6170535641 1 -1.26986178605
42.1467801075 1 -0.964854785287
82.279287172 1 0.853807378759
91.8120889666 1 -0.797358310127
101.344122787 1 -0.736605887214
109.87618566 1 -0.852362520372
138.473033305 1 -0.199258659953
149.005454325 1 -0.726796974306
156.521596181 1 0.335504934445
166.038758557 1 0.0984301884035
211.656580934 1 -0.731376377079
221.187586411 1 -0.0161141626955
232.705873791 1 0.921119166387
243.239162799 1 0.685423675222
283.362073392 1 0.975211448089
291.896196025 1 1.3235928532
302.429877261 1 0.375846163611
