6.01649176082 1 2.88265989381
16.5302330324 1 -0.518142468113
26.0463581265 1 -0.114473595094
70.6282063782 1 -0.527619441398
80.1417546085 1 -0.315812932103
87.6594039186 1 -1.26634069075
97.1739416602 1 -1.3956317454
108.691732329 1 -0.727638513047
118.20672348 1 -0.451301773541
126.723246949 1 -0.518238549061
137.23971231 1 1.23572493843
146.758113392 1 -0.12010619982
155.273549851 1 1.3008282633
166.790776761 1 -0.724597833404
178.306029398 1 -0.648008878139
188.822433019 1 0.360781241295
199.339308488 1 -0.584261990341
228.898967047 1 1.12964026041
237.411909335 1 -0.111575341344
246.93004027 1 -0.12052104344
254.444488615 1 1.23463639775
